    56321165.81     56396658.98        581             75493.17
    59711442.53     59809074.80       1431             97632.28
    75777159.35     75835050.18        441             57890.84
    76386796.63     76520668.39        582            133871.76
    92878782.37     92909925.68       2406             31143.31
    92909925.68     92971268.41       2405             61342.73
    93065544.82     93192520.75       2312            126975.93
    93330724.27     93428338.19       1672             97613.92
    93585571.06     93656720.57       2409             71149.51
    93751950.02     93885493.97       2313            133543.95
    93979895.56     94114001.93       2239            134106.36
   306653426.90    306701242.12       8591             47815.21
   306880749.74    306929582.20       9593             48832.46
   307807270.96    307859573.18       9718             52302.23
   308023794.28    308076157.84       8593             52363.56
   308992387.37    309054419.95       8597             62032.58
   309190937.86    309309947.79       8595            119009.93
   309442794.51    309532894.65       8592             90100.14
   309619594.69    309738737.49       8596            119142.80
   309851343.89    309963963.68       9575            112619.80
   310171279.29    310212793.48       9578             41514.19
   310305448.49    310451344.74       8594            145896.25
   310537062.72    310652459.68       9596            115396.97
   385263293.00    385396761.73      12043            133468.73
   385545829.20    385572868.41      12123             27039.21
   385730814.94    385834341.31      12044            103526.38
   386082192.81    386106639.17      12128             24446.36
   386181207.66    386284598.22      12045            103390.57
   386694946.94    386775412.40      12129             80465.46
   386933445.54    386998372.19      12135             64926.65
   387101509.52    387182196.62      12046             80687.10
   387465343.15    387477391.79      12047             12048.64
   387794852.76    387890870.75      12137             96017.99
   387981283.76    388023848.08      12138             42564.32
   390330560.60    390414381.71      12055             83821.11
   390492993.20    390557637.80      12213             64644.61
   390985395.84    391127198.21      12048            141802.37
   391459970.71    391550835.97      12049             90865.26
   391934505.77    391966069.65      12050             31563.88
   392092943.96    392126370.85      12222             33426.89
   392228685.94    392264884.24      12219             36198.30
   392556303.89    392616623.92      12051             60320.03
   392638395.29    392728757.61      12218             90362.31
   392777533.65    392882063.98      12223            104530.33
   393004667.15    393118857.25      12052            114190.10
   393252652.65    393303440.68      12220             50788.03
   394686545.89    394758158.22      12053             71612.33
   395062348.74    395127148.50      12054             64799.76
   395207363.31    395243502.57      12230             36139.26
   395291961.28    395319807.09      12231             27845.81
   395528497.86    395586524.67      12227             58026.80
   395662985.35    395700953.92      12233             37968.57
   395869910.18    395904775.82      12232             34865.65
   396215804.56    396267738.50      12234             51933.94
   518715437.03    518817025.48      16183            101588.45
   519818825.76    519871501.17      16180             52675.41
   523051988.57    523102168.84      16456             50180.26
   523153862.15    523202385.48      16641             48523.33
   523592680.07    523641632.38      16457             48952.30
   523704245.25    523751168.82      16644             46923.58
   527819515.92    527875684.30      16463             56168.37
   528049567.35    528064700.56      17417             15133.21
   528275010.64    528329875.40      17416             54864.75
   528516961.58    528566436.56      16454             49474.97
   528659403.92    528685651.57      16176             26247.65
   528735135.67    528790698.18      16175             55562.51
   529069797.40    529145822.02      16178             76024.62
   529191320.01    529321253.73      16177            129933.72
   529334776.43    529369967.24      16620             35190.81
   529681585.29    529828611.57      16462            147026.29
   529918826.16    530044429.07      17535            125602.91
   530562860.24    530600009.17      17542             37148.93
   530682805.93    530739969.76      16184             57163.83
   530894180.07    530971276.51      16182             77096.45
   531126162.82    531198789.49      16181             72626.67
   531307202.78    531328857.97      17546             21655.19
   531328857.97    531360655.03      16186             31797.06
   531395426.65    531425500.69      16187             30074.04
   532236202.61    532342645.53      16188            106442.92
   532713798.01    532796945.00      16450             83146.98
   533072533.73    533192697.11      16190            120163.38
   533620933.03    533713622.48      16189             92689.45
   534556676.82    534605599.57      17556             48922.75
   536421606.37    536453649.57      16179             32043.19
   536731534.93    536774011.79      17573             42476.86
   542904463.30    542942693.81      17633             38230.51
   543127411.72    543139409.76      17634             11998.04
   543356600.54    543431251.90      16453             74651.36
   543618540.28    543734537.18      16451            115996.90
   548386646.25    548520575.40      16461            133929.16
   548924569.53    549011770.22      16191             87200.69
   550825482.89    550848617.25      16460             23134.36
   551166045.97    551241738.42      16459             75692.44
   560850665.78    560902983.34      17552             52317.56
   562327108.70    562420491.00      16455             93382.30
   562635050.83    562734011.48      16458             98960.65
   563990396.27    564101819.33      17677            111423.06
   564610862.92    564629722.44      18709             18859.52
   566118245.33    566154818.91      18719             36573.58
   566344420.60    566374333.41      16452             29912.81
   570795103.64    570827103.90      18730             32000.26
   575198067.89    575249295.25      16185             51227.36
