    79384399.32     79436469.18        945             52069.86    
   492282300.29    492336137.11      14897             53836.82
   546358550.08    546441053.96      17236             82503.88
   556392442.98    556474125.20      17239             81682.22
   579936449.11    579960052.34      17237             23603.23
   579992290.56    580047963.94      18852             55673.37
   585727094.34    585804120.29      17240             77025.95
   616704800.06    616773774.51      17238             68974.45
   617160485.64    617176920.60      20118             16434.96
   623357591.57    623384590.97      17241             26999.41
   623599126.63    623629126.46      20807             29999.83
   623864141.96    623893214.82      20808             29072.86
