   240853682.79    240893871.00       6362             40188.20
   241085856.18    241126937.00       5934             41080.82
   246638260.82    246662060.30       6365             23799.48
   326560079.16    326573144.84       9505             13065.68
   326608961.93    326668157.22       9855             59195.29
   332695345.60    332863128.88       9502            167783.28
   332926993.05    333093530.45       9500            166537.40
   333186999.69    333320892.37       9501            133892.68
   333523809.07    333548543.34       9854             24734.28
   333652845.81    333758308.58       9503            105462.77
   333877848.18    333945565.32       9892             67717.14
   333945565.32    333989758.71       9893             44193.39
   334098491.74    334227447.51       9504            128955.77
