  54268974.41  54320711.77   242  278.43   51737.36 
  88974190.88  89021906.90 15611  294.26   47716.02 
 111463131.12 111477982.20 15612  294.44   14851.08  
 130515839.22 130530607.76  2951  292.86   14768.54 
 133273557.54 133287194.50  2952  292.98   13636.96 
 135600211.08 135613337.85  2953  292.97   13126.77 
 137151092.94 137165202.50  2954  292.89   14109.56 
 138496012.81 138535644.71  2943  292.82   39631.90 
 138628677.15 138668771.04  3663  292.95   40093.89 
 138727430.31 138897762.58  3392  292.97   170332.27
 138951759.23 139113793.75  3393  292.98   162034.52
 139455167.35 139548790.70  3665  292.90   93623.35 
 172435042.32 172461805.53  3549  291.92   26763.21 
 205454474.27 205506290.77  4683  291.19   51816.50 
 205540678.07 205592465.68  4684  291.21   51787.61 	
 210082022.69 210088997.20  5360  290.99   6974.51  
 225872611.57 225880013.31  6113  291.04   7401.74  
 238622720.00 238673680.29  5950  290.72   50960.29 
 238878894.18 238926863.46  5951  290.71   47969.28 
 239054257.62 239102042.82  5952  290.76   47785.20 
 239139892.24 239188730.41  5953  290.70   48838.17 
 239313622.81 239333106.83  5954  290.69   19484.02 
 261121003.87 261126696.72  6639  289.87   5692.85  
 263082747.84 263089810.59  6640  289.85   7062.75  
 265565754.65 265572350.21  6641  289.89   6595.56  
 268398580.67 268405286.58  6642  289.75   6705.91  
 269496354.85 269527830.76  6363  289.90   31475.91 
 270657408.93 270664212.98  6643  289.87   6804.05  
 272613508.13 272620374.00  6644  289.76   6865.87  
 275579386.31 275586153.72  6645  289.74   6767.41  
 278479391.00 278485769.61  6646  289.62   6378.61  
 287561533.68 287568708.78  7554  289.19   7175.10  
 291250634.41 291257606.65  7555  290.63   6972.24  
 295751531.03 295759250.73  7556  290.58   7719.70  
 301286056.15 301293420.95  7557  290.56   7364.80  
 305151725.47 305157975.36  7558  290.46   6249.89  
 309779954.06 309786462.82  7559  290.31   6508.76  
 326347166.63 326376841.40  9169  289.75   29674.77 
 326430405.96 326459198.14  9170  289.79   28792.18 	
 326777079.90 326806382.85  9171  289.83   29302.95 
 326864609.03 326893869.98  9172  289.80   29260.95 
 333410254.28 333441304.89  9174  289.64   31050.61 
 333494848.92 333524206.35  9173  289.68   29357.43 
 359000832.98 359116335.87 10556  289.82   115502.89
 390104365.09 390185463.24 11843  288.65   81098.15 
 417781907.24 417801598.42 13016  288.27   19691.18 
 417954723.62 417974550.06 13017  288.48   19826.44 
 481598773.58 481620016.75 14941  287.09   21243.17 
 482341608.63 482363718.69 14942  287.09   22110.06 
