 444875597.03 444937858.61 13850  107.34    62261.58
 445155193.50 445216540.05 14392  107.72    61346.55
 445230755.41 445250872.71 14394  107.75    20117.30
 445342168.63 445385815.59 14393  107.82    43646.96
 448188372.66 448230393.23 13856  107.87    42020.57
 448361932.63 448403416.98 13857  107.66    41484.35
 448625627.28 448650520.88 13854  107.93    24893.60
 448699591.63 448715527.94 14413  107.69    15936.31
 448802802.27 448824720.46 13855  107.76    21918.19
 448912241.19 448934617.70 14414  107.58    22376.51
 452190224.95 452346369.69 13847  107.71    156144.74
 452722109.57 452804427.09 14427  107.81    82317.52
 452952632.20 453052213.10 13848  107.79    99580.90
 453093992.98 453275361.81 13849  107.38    181368.83
 453552573.20 453608849.73 13846  107.39    56276.53
 453703024.45 453730782.91 14438  107.89    27758.46
 453811861.58 453949068.87 13845  107.71    137207.29
 458260922.52 458287004.34 14460  107.56    26081.82
 458349593.27 458371803.07 13844  107.66    22209.80
 458459856.73 458510880.90 14461  107.36    51024.17
 458613962.63 458687698.35 13853  108.15    73735.72
 458946909.48 458993687.92 13841  107.65    46778.44
 459041524.54 459085967.64 14465  107.65    44443.10
 459175529.19 459222104.00 14466  107.71    46574.81
 459259256.28 459453091.34 13842  107.37    193835.06
 459501061.66 459678640.50 13839  107.32    177578.84
 459720581.52 459884877.97 13840  107.57    164296.45
 460040611.68 460117287.12 14432  107.51    76675.44
 460229803.07 460332253.18 13838  107.74    102450.11
 460435479.45 460593918.05 13852  107.61    158438.60
 460679025.67 460792325.01 14439  107.67    113299.34
 465928238.17 466064394.71 14462  107.43    136156.54
 466735798.75 466767876.52 14463  107.46    32077.77
 466800370.75 466910252.71 13851  107.75    109881.96
 466937556.38 466975996.83 15568  107.80    38440.45
 467308649.79 467431493.75 13843  107.53    122843.96
 467522827.11 467593742.66 15570  107.72    70915.55
 467941079.28 468089870.36 14468  107.61    148791.08
