240855979.0354650  1168.823  111
240857100.3309934  1646.912  111
240858740.1450419  1007.658  111
240858928.1079373  1744.936  111
240859346.1633752  1061.345  111
240862110.5150439  1808.603  111
240862191.5335770  6348.613  111
240862548.0151122  1150.964  111
240862988.7559345  1278.065  111
240864077.6451426  1274.647  111
240864654.4971920  3691.504  111
240865198.9418817  7753.131  111
240869029.4999121  5147.752  111
240870329.0380702  2184.335  111
240870377.6492185  1390.283  111
240870542.9271379  3477.100  111
240870546.1678918  2434.890  111
240870714.6865772  1752.679  111
240872189.2250839  5585.122  111
240874042.9308292  1811.934  111
240874480.4313419  1269.675  111
240875860.9886060  3043.013  111
240876518.8598276  1171.102  111
240877293.3978947  7352.041  111
240877296.6386499  1449.467  111
240877565.6204742  4610.850  111
240878249.4177302  6966.079  111
240879036.9188492  1055.660  111
240880329.9762891  1823.611  111
240881379.9778863  6646.552  111
240882929.0543754  1782.148  111
240883956.3708505  1280.872  111
240883985.5375672  7325.394  111
240884786.0018443  2018.429  111
240884854.0575185  2290.797  111
240885385.5398928  2572.310  111
240885894.3370312  2098.001  111
240887129.0613777  1867.494  111
240887735.0809454  1543.709  111
240887916.5627512  3117.524  111
240888130.4520252  1472.250  111
240889070.2684923  1858.831  111
240889634.1583943  2504.678  111
240889750.8252720  1302.997  111
240892346.6633607  2378.728  111
240892910.5533077  5219.792  111
241087777.1744812  7613.430  111
241088140.1364488  2507.115  111
241089893.3727352  1303.218  111
241091737.3499532  1211.094  111
241091831.3312280  2557.973  111
241091973.9234946  1616.912  111
241092343.3671499  2266.261  111
241093247.5319266  1347.187  111
241093354.4761475  6509.906  111
241097865.5790695  1191.584  111
241098283.6339595  2480.543  111
241099129.4659716  1718.924  111
241099913.7240840  1642.479  111
241099920.2055581  1631.451  111
241101913.2583521  1647.255  111
241102525.7575607  1572.905  111
241102775.2942896  1179.749  111
241105212.3284492  1160.609  111
241105435.9393123  1508.042  111
241105760.0130132  1370.063  111
241106012.7905273  2532.174  111
241106142.4200189  7533.599  111
241106330.3828014  1276.283  111
241106777.6045567  1044.860  111
241107140.5671320  6869.113  111
241107785.4739075  1909.087  111
241107960.4737312  1816.674  111
241108414.1769999  4083.964  111
241110005.3792438  1581.803  111
241111606.3038138  5740.468  111
241114412.7831334  1911.763  111
241115031.7641539  6715.329  111
241117147.9664350  7484.639  111
241117277.5959841  1407.818  111
241118074.8177075  7509.999  111
241118110.4658354  1825.845  111
241118139.6324937  1243.750  111
241118165.5583922  1398.058  111
241118551.2063120  6676.955  111
241118803.9839210  7679.422  111
241119124.8170692  5041.604  111
241119695.1870950  1121.344  111
241120323.8904484  1380.968  111
241120586.3902985  1603.109  111
241122054.4450376  1873.584  111
241124297.0364981  1643.685  111
241124828.5177028  5153.211  111
241125372.9618937  2404.961  111
241125930.3690310  1751.318  111
241126254.4429366  4662.152  111
241126769.7204764  3243.022  111
246641718.2802266  1270.626  111
246642402.0781133  1171.007  111
246642927.0793174  1451.222  111
246645014.1212847  5199.807  111
246645513.1965572  1475.097  111
246645999.3088603  4667.438  111
246647891.9060121  5601.672  111
246649560.8915523  7320.470  111
246649969.2259175  1152.256  111
246650789.1353177  1805.917  111
246651229.8771330  1267.106  111
246651638.2114905  1419.688  111
246651673.8597068  1385.026  111
246652717.3808020  1410.771  111
246652983.1221954  5990.586  111
246653300.7155945  1751.438  111
246653440.0677920  1770.101  111
246655047.4792063  1842.795  111
246656758.5945021  4511.594  111
246657205.8178552  5426.642  111
246658508.5988787  3524.982  111
246659023.8779350  7753.968  111
326561837.5614293  1250.601  111
326562393.5570220  1241.671  111
326562955.8350357  5084.051  111
326563006.0945321  1448.562  111
326565082.4399763  1479.989  111
326565748.3784111  6591.126  111
326565933.7103571  1873.531  111
326568057.1748167  1189.138  111
326568107.4343454  2286.832  111
326568336.7433850  5166.236  111
326569210.0026209  7576.802  111
326570306.2885723  5058.767  111
326571886.3226776  1133.128  111
326571889.4639061  7117.475  111
326571996.2654075  1845.869  111
326610547.6158995  1787.270  111
326610651.2759557  6800.407  111
326611009.3743765  1588.511  111
326611113.0344731  5521.034  111
326611298.3661271  4999.074  111
326612190.4712960  7555.227  111
326612529.7226137  5401.978  111
326613142.2598513  3285.478  111
326613148.5423141  1677.349  111
326614731.7160642  1593.673  111
326614951.6013815  2308.010  111
326616167.2532427  1035.136  111
326617269.8215087  1419.479  111
326617964.0313035  1461.674  111
326618843.5732382  3409.819  111
326619606.8900774  1130.047  111
326620210.0046853  5791.136  111
326621004.7339278  1390.721  111
326621221.4782538  2485.953  111
326621523.0356454  1865.975  111
326623382.6396435  1412.546  111
326623523.9946908  2449.013  111
326624133.3920454  2412.834  111
326624683.1061885  1267.096  111
326625261.0913687  1089.942  111
326628440.0103505  2560.174  111
326628707.0144515  5517.949  111
326628845.2283297  2808.258  111
326634992.6063026  1216.159  111
326635947.5389668  1453.146  111
326635975.8099930  5481.958  111
326636044.9169624  1837.341  111
326637452.1862220  3498.829  111
326637675.2132684  1040.902  111
326639117.0360927  1148.550  111
326641485.5207664  1553.526  111
326641557.7689665  7590.486  111
326642540.9728591  1539.709  111
326642625.7859856  2697.300  111
326643455.0697696  1446.395  111
326643995.3607631  6287.880  111
326644447.6973977  4422.901  111
326645741.8827807  3800.155  111
326646291.5974419  1040.260  111
326646637.1323938  7710.125  111
326646715.6630650  2556.350  111
326646847.5945742  5284.967  111
326646985.8085564  1469.602  111
326649690.4048108  1520.727  111
326650211.8484704  3163.555  111
326650331.2150896  1512.780  111
326651826.4390675  7868.830  111
326653271.4034187  1675.497  111
326653689.1865913  1728.915  111
326653701.7514970  1324.945  111
326653912.2136932  4000.506  111
326653965.6145475  1646.469  111
326654782.3335251  3631.505  111
326654901.7001580  6000.778  111
326655021.0667710  1676.849  111
326655781.2436631  2094.461  111
326656167.6145689  1846.952  111
326656208.4505163  1045.149  111
326657091.1352568  1435.899  111
326657106.8413833  1092.178  111
326657179.0896131  1088.212  111
326657427.2465249  1178.685  111
326658410.4505094  4271.533  111
326659022.9897474  1095.474  111
326659224.0282443  1949.026  111
326660047.0296619  3992.579  111
326661146.4590246  1566.697  111
326661203.0010943  7432.496  111
326661517.1237721  1525.863  111
326661887.7885172  1893.995  111
326662635.4004614  1526.593  111
326662644.8241544  2949.710  111
326662855.2863312  1481.568  111
326663229.0922877  5074.041  111
326663527.5088285  2829.701  111
326663678.2876939  1357.799  111
326663731.6885696  1357.758  111
326664586.1021960  1489.972  111
326665528.4701496  1106.057  111
326665823.7454449  7553.570  111
326665905.4173254  3700.853  111
332698514.6415032  5391.287  111
332699566.8317743  1335.090  111
332699880.9184539  1494.691  111
332699975.1444699  1124.223  111
332701033.6167076  2276.500  111
332704105.3857693  4507.148  111
332705003.6743358  1297.035  111
332706592.9543945  2044.912  111
332707004.4083816  3166.431  111
332707431.5667521  1170.890  111
332709557.9363394  1675.618  111
332710098.1662132  1804.788  111
332711040.4277365  1303.544  111
332711326.2470913  6856.252  111
332711643.4751748  2460.799  111
332711665.4612870  2682.704  111
332711762.8283145  5293.233  111
332711951.2806402  2188.198  111
332712676.8221804  1507.335  111
332713440.0542505  1634.138  111
332713455.7586133  4426.984  111
332714778.0661942  1059.084  111
332714887.9967484  5705.952  111
332715126.7031422  1331.224  111
332715732.8917503  3030.443  111
332717856.1225825  2042.851  111
332718189.0552613  3792.344  111
332718233.0274915  1397.893  111
332718280.1406294  1026.900  111
332718437.1843446  1069.612  111
332719787.7605002  1357.071  111
332720415.9354836  4579.853  111
332720582.4018791  1355.705  111
332720764.5726390  1940.527  111
332720811.6857662  6035.053  111
332720996.9974274  7052.801  111
332722774.7329702  2589.601  111
332723000.8760331  1507.808  111
332725149.2353074  7506.713  111
332727363.5533433  1796.677  111
332727658.7957772  4093.041  111
332727690.2045359  6950.236  111
332728594.7771291  2190.292  111
332730683.4606008  2347.525  111
332732147.1096187  7690.912  111
332735338.2418368  1374.448  111
332737100.2746993  4559.934  111
332737232.1916249  2206.318  111
332738878.0121313  3695.964  111
332739421.3842053  5052.694  111
332740238.0127789  1491.865  111
332741601.1543798  1185.305  111
332741729.9304273  1805.406  111
332742226.1893811  1164.855  111
332742684.7577900  2610.176  111
332744176.6755915  1070.980  111
332744324.2969239  7345.889  111
332744801.7106599  1210.421  111
332744955.6137698  6002.487  111
332744968.1772789  6571.350  111
332745624.6211671  1306.004  111
332745995.2449834  1846.110  111
332746268.5015500  1893.778  111
332747619.0799461  1658.684  111
332748686.9792014  1945.094  111
332749381.1137388  1824.802  111
332750618.6205912  1455.018  111
332750778.8054945  5142.987  111
332752324.1187039  1098.854  111
332752679.0381992  1102.337  111
332752704.1652431  5048.855  111
332753005.6897808  1213.453  111
332755998.9491238  7477.698  111
332756611.4209116  2678.250  111
332756671.0976442  3511.797  111
332756821.8599228  6157.824  111
332756950.6360387  1078.484  111
332757057.4260017  3000.113  111
332759045.6036931  1041.736  111
332759513.5949825  5581.190  111
332760625.4669253  1533.384  111
332760911.2871116  3059.058  111
332761492.3501502  1790.688  111
332762981.1279146  2316.109  111
332763615.5859514  5769.833  111
332763826.0250041  1916.217  111
332764190.3672436  1562.246  111
332764762.0076881  1012.219  111
332764777.7120873  5650.561  111
332765107.5046409  1618.690  111
332766106.3049653  2785.846  111
332766348.1528667  1732.536  111
332767337.5305709  1535.723  111
332768851.4355466  1245.162  111
332768933.0984722  1444.615  111
332769027.3249041  3852.906  111
332769171.8054712  1562.087  111
332771043.7710251  1068.048  111
332771100.3069100  2236.196  111
332771150.5610068  3612.717  111
332771238.5057034  1198.511  111
332771269.9145253  2240.447  111
332772055.1349930  6352.012  111
332772507.4219806  4143.768  111
332772557.6760883  1266.633  111
332772890.6095776  6764.513  111
332774552.1361428  4187.646  111
332774605.5311263  4986.730  111
332775550.9366121  1611.597  111
332777758.9767256  2465.079  111
332778154.7278761  4916.933  111
332780727.1103918  2008.670  111
332780968.9583319  2735.117  111
332781788.7286129  1276.620  111
332781895.5185987  5484.950  111
332783076.4903371  1678.112  111
332784621.8044578  4336.388  111
332786302.1765207  4280.872  111
332786873.8171073  7303.787  111
332786889.5215307  3356.422  111
332787979.4077404  3032.534  111
332788409.7086401  2455.741  111
332789103.8436508  6602.673  111
332789342.5507227  1924.655  111
332789725.7383847  2268.244  111
332789785.4151554  7489.756  111
332789797.9786746  4059.064  111
332789851.3736856  1648.731  111
332790061.8127959  1932.334  111
332790997.7957828  3459.159  111
332792053.1323077  4816.388  111
332793083.3417795  2690.894  111
332794949.0259968  6907.752  111
332794952.1668916  1321.189  111
332795803.3460689  7746.845  111
332795881.8681306  1619.868  111
332797238.7294061  3865.081  111
332797936.0053403  7848.921  111
332798259.5162438  7365.503  111
332798268.9388884  1067.906  111
332798287.7841877  1411.443  111
332798548.4774238  2426.555  111
332799748.2945840  1505.693  111
332801042.3382336  1461.753  111
332802182.4786152  2175.144  111
332802634.7657221  1518.623  111
332803718.3702163  3432.677  111
332805693.9853652  7411.056  111
332806607.9822231  1443.125  111
332806909.5069540  1628.326  111
332806975.4654969  1396.431  111
332807148.2140467  5830.325  111
332807242.4405237  1328.496  111
332807883.1805736  1286.437  111
332809485.0307096  2151.180  111
332810468.1269584  4556.739  111
332810637.7346118  1733.219  111
332810738.2428579  5410.092  111
332811090.0217238  3776.336  111
332811689.9302940  1142.514  111
332811828.1291181  5304.740  111
332812817.5071385  6494.800  111
332812977.6921559  1571.568  111
332813097.0457001  4575.839  111
332813458.2471775  6463.559  111
332814136.6778324  1367.730  111
332814284.2993095  1772.829  111
332814538.7107808  2467.471  111
332815512.3843844  1216.815  111
332816520.6076655  1121.598  111
332817484.8586033  1840.544  111
332818216.6842232  2502.748  111
332819670.9128168  5101.065  111
332819922.1834042  1890.994  111
332820289.6666552  1010.139  111
332820399.5975398  7462.393  111
332820974.3790286  1330.379  111
332822990.8255180  1255.750  111
332823138.4469953  2988.012  111
332824765.4240447  2665.708  111
332825861.5919610  2945.321  111
332827843.4886614  1891.387  111
332828280.0712780  1276.176  111
332830425.2937773  7360.048  111
332830726.8184620  1496.657  111
332830758.2272850  7404.965  111
332831191.6690181  1344.715  111
332832036.5662755  3904.061  111
332832108.8065630  2575.477  111
332832435.4582929  1835.236  111
332833321.1869963  1833.367  111
332834301.1421487  1602.932  111
332835375.3237441  1529.383  111
332835840.1742607  7487.160  111
332839047.0144475  6109.132  111
332839056.4370988  7320.317  111
332839147.5226684  2769.495  111
332839342.2573323  1028.308  111
332839945.3065705  3667.091  111
332841741.8907533  1583.156  111
332842445.4481645  2117.607  111
332842671.5916258  3274.430  111
332843309.1904961  2669.629  111
332843582.4471526  6693.944  111
332843692.3780210  2940.306  111
332844166.6510583  6455.258  111
332844292.2862915  1452.305  111
332845661.7104393  1435.250  111
332846588.2703023  2011.187  111
332848419.4037836  7446.883  111
332848466.5169964  4932.689  111
332850027.5346342  2507.630  111
332851067.1660472  1060.938  111
332852524.5344588  1940.332  111
332852606.1973381  1565.090  111
332853868.8310909  2135.124  111
332854368.2309930  2868.068  111
332855612.0193446  7127.959  111
332856444.3524004  1109.913  111
332856874.6528840  1952.560  111
332859556.9636087  1569.285  111
332860433.2687609  1563.807  111
332861369.2505321  1069.898  111
332861953.4538882  2892.445  111
332929323.4884349  1036.703  111
332929471.1085133  1381.062  111
332929562.1932378  1143.616  111
332931804.7626714  5005.634  111
332932731.3147212  1534.002  111
332933758.3743153  1072.789  111
332934373.9820047  3185.890  111
332937857.1920962  1329.040  111
332938469.6593636  3069.108  111
332938887.3934821  2588.972  111
332939078.9858478  6557.699  111
332939239.1696194  4919.892  111
332939317.6910843  1340.416  111
332939386.7899684  2090.487  111
332939606.6500493  1534.938  111
332940030.6659656  1957.225  111
332940451.5410560  7946.918  111
332943344.2727425  7977.884  111
332943560.9921019  7479.938  111
332945432.9450886  1891.172  111
332945834.9753215  1986.573  111
332946456.8658755  4264.513  111
332946623.3315370  1564.730  111
332946789.7972006  1189.593  111
332947009.6575183  1769.933  111
332947449.3781450  2701.766  111
332948853.3435064  2413.723  111
332950505.4372372  1772.403  111
332952801.4082656  1725.029  111
332953175.1710363  7558.786  111
332954318.4454641  3783.340  111
332954739.3212548  1298.494  111
332956915.9402996  4735.886  111
332957606.9305346  2176.385  111
332958929.2347225  7534.658  111
332959010.8972010  3612.448  111
332959397.2236292  2007.455  111
332959698.7467048  1952.943  111
332960100.7774796  3902.079  111
332960135.3269941  5522.144  111
332961237.7708097  1987.904  111
332962453.2858765  7706.980  111
332962845.8941282  1009.589  111
332965135.5856108  5455.109  111
332965421.4044612  6807.771  111
332965738.6319793  1194.899  111
332966087.2681860  1513.881  111
332966815.9492505  1144.542  111
332967312.2062044  1678.229  111
332967409.5730925  2898.662  111
332968945.4570266  1658.277  111
332969224.9942118  1772.457  111
332969846.8859196  1506.591  111
332970258.3395229  1273.648  111
332970782.8643736  1812.448  111
332972124.0147908  4852.773  111
332972604.5675334  6679.576  111
332972752.1883149  2792.536  111
332973094.5428847  6667.235  111
332973876.6189678  5382.007  111
332975814.5344810  7457.235  111
332976979.7965650  1339.142  111
332978540.8081034  1225.455  111
332979159.5591834  1380.886  111
332979473.6460338  6230.461  111
332980092.3971302  2218.788  111
332980642.0491546  5076.740  111
332982344.3999875  2454.720  111
332983208.1388878  3358.938  111
332984219.4986982  2203.126  111
332984621.5299187  3195.151  111
332986264.2044750  4630.302  111
332986757.3209286  1825.560  111
332987646.1869137  1307.346  111
332988387.4320799  2424.383  111
332988971.6337749  2889.378  111
332990180.8685095  1108.799  111
332990560.9137216  1198.906  111
332990711.6754465  5349.353  111
332991377.5397872  7182.064  111
332992363.7728472  1051.114  111
332992596.1971867  1130.339  111
332993161.5537402  1589.356  111
332995922.3782726  1898.002  111
332996230.1835274  1663.448  111
332996481.4531059  2965.869  111
332997762.9280515  7366.984  111
332998146.1141885  1305.237  111
332998714.6116590  2294.344  111
332999025.5577903  1203.663  111
332999675.7178977  1727.788  111
332999719.6900895  3245.054  111
333000928.9250867  1298.399  111
333002888.8280697  7160.979  111
333004452.9814907  4890.333  111
333005078.0146677  1005.150  111
333005323.0025637  1819.870  111
333006755.2394447  1199.883  111
333006884.0151502  4186.625  111
333007229.5108844  1347.756  111
333007358.2865707  1897.648  111
333008215.7442032  3269.487  111
333009600.8680912  1282.105  111
333009896.1099227  1397.910  111
333009930.6595023  3669.926  111
333010065.7169476  3240.285  111
333010348.3952898  6092.760  111
333010734.7223721  1464.614  111
333011585.8982894  2549.660  111
333012386.8202894  7564.544  111
333012481.0464122  1223.142  111
333013319.6588721  2459.779  111
333013671.4363743  2335.724  111
333014252.4974623  1922.478  111
333014312.1740056  3590.316  111
333015078.5464535  1474.451  111
333015131.9412516  1169.466  111
333015625.0579469  1208.650  111
333016130.7381454  2502.993  111
333016413.4165125  1349.301  111
333016821.7297050  2407.776  111
333017066.7176191  3354.913  111
333017748.2865747  7610.480  111
333017924.1753367  1511.794  111
333018574.3355970  4111.199  111
333018954.3809593  1036.863  111
333019196.2280040  1199.022  111
333020191.8840523  2934.504  111
333020323.8006060  2538.326  111
333020637.8877101  2403.941  111
333020832.6216929  5526.375  111
333021184.3992236  1628.262  111
333023562.0384544  1075.204  111
333023574.6019562  1191.781  111
333024004.9012565  1661.064  111
333024243.6074345  7896.475  111
333024827.8094329  4367.954  111
333024918.8946801  6272.888  111
333025933.3959933  1093.574  111
333026508.1753761  2543.694  111
333026674.6415364  4714.511  111
333028163.4143437  3704.032  111
333028785.3067855  1329.389  111
333029579.9471259  1486.724  111
333029802.9489623  1596.547  111
333030644.7023795  7579.745  111
333031586.9636654  2005.414  111
333031703.1758883  2940.688  111
333031847.6559588  7212.197  111
333031863.3603041  1290.464  111
333032500.9571043  2336.771  111
333032972.0877527  4368.013  111
333033104.0043309  1134.986  111
333033323.8653049  1779.139  111
333033361.5557415  1841.993  111
333033926.9125215  1516.164  111
333034008.5751511  1672.254  111
333034715.2711285  1013.244  111
333035290.0505173  1259.020  111
333035365.4314007  2533.601  111
333037494.9419075  3572.822  111
333038880.0660073  1590.796  111
333038983.7147574  4613.333  111
333039115.6313248  1117.851  111
333041556.0880305  1517.340  111
333042868.9720730  4884.132  111
333043041.7199773  1435.920  111
333043487.7236407  1550.881  111
333043625.9219617  3985.225  111
333044470.8162303  3908.092  111
333045202.6391489  1084.081  111
333045730.3054534  2264.510  111
333046261.1126192  3106.150  111
333046914.4137568  4493.547  111
333047504.8974735  2762.426  111
333048114.2263951  3901.135  111
333048180.1846856  7554.311  111
333048516.2578639  2384.118  111
333048811.4997141  1222.531  111
333049307.7573065  4995.947  111
333050055.2845541  6294.846  111
333052454.9097851  2404.513  111
333052583.6854784  4582.235  111
333053145.9013309  1757.095  111
333053431.7205700  1488.480  111
333053585.6232238  1190.966  111
333054939.3384687  1040.190  111
333055328.8064198  3368.945  111
333055379.0603623  7277.518  111
333055777.9509193  6274.583  111
333057675.0367332  1428.599  111
333058607.8752589  1401.990  111
333059094.7101880  1128.711  111
333059638.0807680  7653.888  111
333059722.8842649  1708.899  111
333059766.8564494  1350.169  111
333060457.8479381  1988.884  111
333060473.5522903  1243.073  111
333060721.6810616  5323.636  111
333060891.2880518  5910.890  111
333061682.7873832  1279.182  111
333061729.9004387  7462.284  111
333061814.7039126  7144.068  111
333063780.8887026  2086.411  111
333064833.0802023  2437.737  111
333065024.6732845  3923.346  111
333065209.9846216  1661.963  111
333065803.6090640  1075.748  111
333066431.7830814  1114.144  111
333066968.8718413  1235.736  111
333067135.3379483  5167.073  111
333067282.9588427  1569.331  111
333068375.9815751  2835.583  111
333069258.5660144  7407.812  111
333069968.4025753  1550.971  111
333071777.5434992  7103.780  111
333071878.0513410  1931.104  111
333072101.0530850  1095.950  111
333072465.3939579  1290.839  111
333072543.9156869  1476.917  111
333072738.6495925  6432.329  111
333073602.3887023  5344.765  111
333073872.5034555  1375.019  111
333075285.8946494  7604.938  111
333075433.5154984  1204.486  111
333076096.2389036  1215.170  111
333076268.9867074  7336.012  111
333076850.0474938  1862.625  111
333077299.1917545  4866.885  111
333077858.2664307  1911.532  111
333078439.3271800  1331.687  111
333079334.4747729  1629.696  111
333079896.6902809  1277.985  111
333080022.3250276  1323.440  111
333080575.1178961  1732.458  111
333080590.8222291  3717.380  111
333081903.7052566  1029.847  111
333082070.1712754  1462.665  111
333083722.2679326  7470.342  111
333086960.5025670  6626.160  111
333087017.0382064  1485.322  111
333088995.7845244  1407.629  111
333089190.5182781  1123.355  111
333089765.2969145  1517.591  111
333089925.4811202  1136.053  111
333090255.2721212  1165.202  111
333090867.7410983  1137.404  111
333091756.6062686  2377.466  111
333092146.0736798  6437.940  111
333093097.7560686  1918.868  111
333188978.0465312  3548.805  111
333189461.7358317  4686.354  111
333189486.8625282  1633.755  111
333191116.9585963  7029.897  111
333191434.1835765  2011.186  111
333191855.0563459  1803.863  111
333192844.4217736  6745.440  111
333193246.4497144  1912.407  111
333193340.6750428  1041.129  111
333193814.9424891  2114.673  111
333194238.9565112  2335.827  111
333195068.1396611  5294.522  111
333195426.1960796  4161.430  111
333196387.2950973  1023.863  111
333197163.0843323  2029.978  111
333198441.4094512  1934.114  111
333199773.1293953  2412.788  111
333200115.4819870  1519.711  111
333200197.1440775  6307.440  111
333202244.9784337  7331.155  111
333202565.3452139  3937.120  111
333202690.9792639  1152.884  111
333202970.5150146  6105.093  111
333203055.3179920  1199.159  111
333203542.1499592  2389.890  111
333204248.8415777  2031.433  111
333204314.7994750  1374.131  111
333204889.5753836  1860.387  111
333205611.9714175  1540.300  111
333206491.4101542  2451.533  111
333206510.2552789  1263.301  111
333206723.8332711  1269.829  111
333207885.9489398  1314.018  111
333208784.2330515  1615.588  111
333208953.8391466  3268.042  111
333209544.3196715  3119.926  111
333210577.6606830  2156.088  111
333212562.6807997  7508.948  111
333214758.1385742  3938.384  111
333215075.3649786  2458.109  111
333216347.4115490  1464.942  111
333217217.4286431  1042.191  111
333217610.0356659  1537.292  111
333219293.5346556  7153.910  111
333219686.1417357  4142.778  111
333220160.4110743  1235.615  111
333220546.7364509  6068.357  111
333220823.1318418  1314.926  111
333221146.6400881  1030.991  111
333222010.3757485  1359.672  111
333223517.9871425  3283.284  111
333223561.9591383  3620.453  111
333223929.4394572  1967.595  111
333224969.0632292  1083.218  111
333225600.3755805  1337.959  111
333226040.0956252  1016.759  111
333226548.9145656  2510.258  111
333226950.9443501  1821.419  111
333227280.7344132  4391.952  111
333227616.8062091  6036.633  111
333228169.5971718  1019.625  111
333228219.8508923  5747.517  111
333230079.2388167  1696.528  111
333230186.0279822  1597.286  111
333230823.6221772  1757.329  111
333231043.4822520  4944.427  111
333231049.7639736  4254.125  111
333232497.6996015  2543.318  111
333234272.2845927  1036.486  111
333234982.1186145  5363.931  111
333235029.2314888  1839.386  111
333235365.3033514  1055.969  111
333235547.4731277  1278.709  111
333235870.9815784  1565.977  111
333235943.2213111  6214.167  111
333236338.9695063  6625.583  111
333238019.3288982  1010.062  111
333238647.5006425  1842.899  111
333239297.6584086  1699.878  111
333240337.2826891  1821.639  111
333240469.1987668  2257.635  111
333241050.2576692  1482.117  111
333241603.0488343  2385.508  111
333241863.7401320  7364.355  111
333242152.6991411  1016.885  111
333243478.1416605  5665.028  111
333243597.4942871  1458.872  111
333243763.9598322  7478.288  111
333244043.4962822  2602.837  111
333244555.4563053  1684.661  111
333244618.2735004  1838.377  111
333245500.8549058  5119.909  111
333246364.5911792  1691.783  111
333247159.2285390  1344.886  111
333247935.0207751  1489.328  111
333248154.8809183  2273.963  111
333249298.1536875  1617.915  111
333250268.6791888  1791.528  111
333251101.0069142  7487.394  111
333251506.1777732  2378.432  111
333252577.2108006  1482.038  111
333252740.5354839  1407.976  111
333253211.6643958  1373.098  111
333253374.9890795  1363.089  111
333253409.5385351  5831.090  111
333253466.0740106  1556.908  111
333254895.1650205  1065.969  111
333255652.1121574  1125.237  111
333257910.3900629  1033.476  111
333258544.8436788  1776.542  111
333259867.1455077  1775.034  111
333259885.9906566  1428.258  111
333260529.8668587  7024.143  111
333260680.6281195  1263.094  111
333261431.2935226  1590.881  111
333262555.7212119  1492.876  111
333263834.0510234  7567.158  111
333264009.9391562  1256.910  111
333264072.7563557  1809.697  111
333264798.2948769  5111.582  111
333265178.3388753  5899.830  111
333265841.0602260  7044.869  111
333267521.4200407  1201.940  111
333267634.4909833  2262.637  111
333268444.8327095  1335.337  111
333269346.2593756  1177.882  111
333270087.5022058  6696.697  111
333270520.9407940  3857.210  111
333270561.7719826  1591.798  111
333271039.1826099  2109.079  111
333271221.3524525  1320.178  111
333274729.6923938  2587.564  111
333275414.3997306  1527.182  111
333276064.5576196  1435.407  111
333276585.9402711  1154.577  111
333276714.7154956  1374.060  111
333277107.3229010  1186.561  111
333277688.3818833  1424.286  111
333278881.9083930  2522.043  111
333279528.9254034  1417.218  111
333279632.5737646  1265.377  111
333280552.8455176  1420.571  111
333281187.2990831  1106.825  111
333281316.0742925  1790.512  111
333282029.0493325  1139.137  111
333283200.5897745  6558.228  111
333283583.7745824  1469.116  111
333283747.0992507  1803.439  111
333283778.5078617  1692.776  111
333284378.4119428  1565.491  111
333286674.3798779  1195.975  111
333287315.1150885  3078.686  111
333287566.3837956  5493.239  111
333289359.8142174  1320.222  111
333293194.8026878  1989.637  111
333293976.8764628  1892.547  111
333294177.8914105  3335.455  111
333295132.7123780  1882.362  111
333295396.5444906  1126.636  111
333295698.0668975  1140.879  111
333296219.4493935  4599.882  111
333298019.1611949  1736.934  111
333298251.5847061  1356.696  111
333298942.5735009  1200.728  111
333299514.2096763  1613.535  111
333299950.7889273  7505.143  111
333300007.3243795  1820.706  111
333300742.2851608  1093.892  111
333301574.6125152  1691.350  111
333302925.1813557  1807.296  111
333303163.8865523  2206.480  111
333303292.6617143  3185.601  111
333303408.8734565  1473.057  111
333304360.5533158  1252.881  111
333305001.2882627  1247.574  111
333305978.0949312  1211.839  111
333308258.3572897  1803.913  111
333308795.4438432  5626.623  111
333311169.9315696  6207.231  111
333311506.0032410  4635.881  111
333311769.8351880  1894.301  111
333312470.2461894  6069.764  111
333313783.1241056  1497.414  111
333314508.6618580  3794.376  111
333314888.7054358  1331.430  111
333316211.0057122  1658.267  111
333316254.9777007  1953.632  111
333316993.0787511  1822.772  111
333317501.8973388  7417.753  111
333318720.5491418  1446.185  111
333319078.6066208  1231.949  111
333319515.1854325  1743.860  111
333319722.4818479  3058.846  111
333320872.0346421  1953.191  111
333525992.3666320  1436.605  111
333526030.0568912  1728.243  111
333527591.0616319  1399.588  111
333528304.0354611  2201.638  111
333529026.4317427  3229.653  111
333529554.0950642  1361.084  111
333530050.3498198  1305.576  111
333530728.7739717  2142.071  111
333530772.7459031  1363.449  111
333531290.9865301  5221.672  111
333531290.9865301  1344.768  111
333531573.6632146  1889.772  111
333531592.5083261  1026.557  111
333532355.7353334  2837.440  111
333533015.3141521  1781.145  111
333533291.7090630  1202.808  111
333533605.7941912  2353.843  111
333535000.3319975  4977.940  111
333535242.1774971  1236.974  111
333536055.6577574  1027.653  111
333537346.5471113  1233.207  111
333537757.9984785  7836.880  111
333537980.9987624  3526.634  111
333538323.3513577  1576.864  111
333539881.2125602  1305.531  111
333541772.0034134  2012.027  111
333542032.6938145  2244.953  111
333543728.7516754  3159.215  111
333543901.4982958  2971.800  111
333545368.2739780  1217.815  111
333545415.3866838  1874.896  111
333547007.7959309  6647.010  111
333547548.0214885  1506.806  111
333548217.0217142  1354.171  111
333655094.2953462  6801.921  111
333655983.1472035  1274.715  111
333656111.9208047  2071.346  111
333656334.9190040  2138.284  111
333656479.3967265  7420.342  111
333658166.0174958  5329.115  111
333658231.9747347  1145.480  111
333658728.2245787  1469.266  111
333659145.9540051  1784.064  111
333660031.6660879  5881.344  111
333660502.7896020  1552.092  111
333660515.3528975  1401.330  111
333660951.9274283  7429.927  111
333661212.6158332  1833.211  111
333661379.0795360  3349.228  111
333661501.5717087  3027.602  111
333661595.7964436  1666.785  111
333663401.7709227  7926.554  111
333664080.1893623  1060.809  111
333664149.2875109  1337.344  111
333664278.0614079  1282.892  111
333664607.8481898  1610.162  111
333664673.8055525  7465.039  111
333665502.9838482  1672.327  111
333665509.2654820  1220.326  111
333666771.8781005  5798.643  111
333667023.1443307  1434.808  111
333667180.1857218  6979.071  111
333668389.4045983  6447.275  111
333668596.6992897  2840.444  111
333669290.8224565  3343.844  111
333669598.6237042  3257.077  111
333669765.0876281  2138.356  111
333670952.3211361  1585.390  111
333671746.9510520  1077.495  111
333671913.4150448  5692.674  111
333672576.1301857  6309.587  111
333672601.2568453  6992.442  111
333673389.6052580  1378.156  111
333673804.1949040  1327.434  111
333674583.1209260  4313.003  111
333675044.8230780  1610.709  111
333675139.0480177  1108.527  111
333677001.5609859  1746.919  111
333677246.5458637  1286.713  111
333678964.5808908  1361.858  111
333679212.7066265  3688.895  111
333679621.0148384  1603.563  111
333680676.3345110  3065.530  111
333680839.6577981  2490.207  111
333681697.1050861  6473.187  111
333681750.4992434  7513.081  111
333682454.0457876  6664.720  111
333683587.8864900  1504.570  111
333684731.1497698  7761.455  111
333684985.5572681  5996.169  111
333686128.8206345  1810.213  111
333686709.8748457  2331.193  111
333687011.3948776  1486.544  111
333687733.7866145  2201.052  111
333687755.7724632  2846.918  111
333688094.9825208  2837.198  111
333689068.6410059  3596.253  111
333689106.3310173  1816.916  111
333689652.8361414  1047.494  111
333691446.2524286  1121.311  111
333691964.4900733  3114.720  111
333691983.3350749  1846.936  111
333692671.1777980  1030.040  111
333692803.0928301  1648.246  111
333693415.5555530  1367.278  111
333693949.4974041  1837.328  111
333694031.1591193  2272.490  111
333694043.7224441  1403.944  111
333695265.5070847  1292.734  111
333695409.9854757  1192.169  111
333695582.7313953  2367.917  111
333696430.7567552  5450.513  111
333696892.4594634  2417.706  111
333697925.7941048  4414.684  111
333699222.9589103  1841.963  111
333699248.0855711  1527.809  111
333699596.7182638  2453.085  111
333701836.1336239  3673.523  111
333704069.2673900  1758.444  111
333705601.9949921  1358.158  111
333705912.9376853  1846.505  111
333706556.8089169  3184.186  111
333706691.8648356  7772.583  111
333707219.5251556  7528.083  111
333707385.9894554  3017.904  111
333707712.6363275  2057.209  111
333708579.5068712  1997.783  111
333709075.7588564  1791.089  111
333709301.8990108  2168.241  111
333709370.9973909  3836.368  111
333710404.3322355  1052.186  111
333710749.8241479  7504.104  111
333712829.0572127  6080.990  111
333714386.9115935  7399.912  111
333714471.7141411  1391.307  111
333714481.1366585  6487.029  111
333715351.1480883  2291.311  111
333716224.3003597  1566.796  111
333717515.1837749  1953.179  111
333718319.2376782  1364.711  111
333718570.5045139  2247.929  111
333719145.2774270  1518.114  111
333719679.2194709  1617.614  111
333720002.7255386  1810.843  111
333720078.1055795  4135.567  111
333720137.7814643  1675.964  111
333721186.8205282  1599.547  111
333721394.1156756  2656.281  111
333721570.0024711  4869.851  111
333721956.3252432  1369.855  111
333723178.1102736  1754.361  111
333723416.8137731  1682.621  111
333723438.7996175  1496.563  111
333723913.0657870  2621.459  111
333725015.4990560  4643.614  111
333725320.1601081  1280.181  111
333725879.2288347  2313.955  111
333725979.7355689  1838.731  111
333726017.4255893  7746.739  111
333726246.7065902  1274.612  111
333726796.3527983  7923.501  111
333728388.7564027  1184.063  111
333728910.1350948  2826.658  111
333729183.3877823  1477.005  111
333730238.7085094  1727.236  111
333730763.2280272  1010.857  111
333730860.5939307  2906.224  111
333730935.9739801  7516.161  111
333731171.5366555  7446.857  111
333731705.4786685  2020.818  111
333731868.8020933  3215.054  111
333731928.4779767  1861.164  111
333731941.0413133  1160.000  111
333732292.8148851  1850.774  111
333734557.3572167  2096.256  111
333735490.1853101  2601.158  111
333735600.1145471  3626.447  111
333736611.4635093  2015.879  111
333738100.2194413  1216.076  111
333738888.5690956  1801.619  111
333740188.8748708  1338.608  111
333741043.1820358  1839.127  111
333741790.7008010  1281.288  111
333743964.1586834  1439.333  111
333745123.1267877  1341.117  111
333747648.3580363  2865.519  111
333748317.3558580  1554.049  111
333749240.7612836  1738.624  111
333749740.1539779  1113.758  111
333749881.4915501  3782.127  111
333750305.5042351  1270.669  111
333750738.9394218  5194.572  111
333751272.8812941  1347.246  111
333751687.4714521  1424.227  111
333751963.8648888  1640.363  111
333752551.2009391  1065.518  111
333753732.1547028  2493.153  111
333754027.3931164  1850.302  111
333754080.7872862  5064.381  111
333755261.7410074  1852.654  111
333757563.9724512  1610.773  111
333879152.3160508  1186.644  111
333879171.1608774  2754.124  111
333880151.0929127  2065.324  111
333880562.5387053  4798.708  111
333881369.7263688  1879.434  111
333882110.9572381  7378.227  111
333882503.5584255  1511.716  111
333882600.9235370  2288.840  111
333882764.2456422  1577.022  111
333884318.9469946  6004.225  111
333884777.5055149  7322.027  111
333886168.8855104  1478.129  111
333886856.7236665  7546.093  111
333887158.2417776  5746.625  111
333889067.8570418  4328.851  111
333890129.4526817  6040.874  111
333891062.2750384  1325.479  111
333892368.8547937  1111.646  111
333893144.6366029  1291.434  111
333893973.8124450  7323.206  111
333894335.0064934  7640.475  111
333895641.5868484  1396.625  111
333895977.6544238  1605.815  111
333896489.6078589  4968.015  111
333896687.4794508  7018.776  111
333896791.1264619  6901.900  111
333897365.8963273  7552.042  111
333897733.3721635  1323.128  111
333898100.8480232  2207.079  111
333899727.7925601  3932.858  111
333899928.8050258  6397.019  111
333899997.9030823  1848.137  111
333903710.3528380  6952.650  111
333903999.3083678  2167.549  111
333905613.6904371  6714.512  111
333906477.4163414  2513.682  111
333907045.9050463  1491.201  111
333908079.2353972  1444.267  111
333908132.6293703  5768.741  111
333908581.7668980  2371.231  111
333908770.2162146  1812.025  111
333908779.6386964  3509.374  111
333909165.9597938  3861.178  111
333909627.6606400  2635.738  111
333911138.3961301  1502.968  111
333911816.8137880  1380.360  111
333912027.2488886  5781.403  111
333912733.9339551  1306.456  111
333912755.9197276  3759.034  111
333913088.8469154  1467.699  111
333913613.3643061  1582.787  111
333914254.0921625  1317.868  111
333914304.3453339  4825.509  111
333915067.5652857  1298.523  111
333915711.4339754  1306.042  111
333915997.2488841  1179.223  111
333916141.7267380  1037.326  111
333917429.4642156  1528.321  111
333918431.3868176  7264.692  111
333918786.2998504  5527.066  111
333919119.2271302  5331.300  111
333919285.6907558  3066.908  111
333920406.9647346  1165.739  111
333921518.8162472  1609.339  111
333923462.9860765  6102.708  111
333923601.1823095  1527.807  111
333923899.5605723  1852.090  111
333925491.9582213  2871.438  111
333925762.0690678  6991.230  111
333926453.0503234  2157.411  111
333926823.6675433  2101.380  111
333927329.3401854  1436.375  111
333927580.6061083  1887.245  111
333928183.6443081  2334.328  111
333928519.7124648  6852.710  111
333930266.0106174  7079.860  111
333931004.1042986  7833.934  111
333931569.4526390  2090.055  111
333932257.2931162  1995.934  111
333933366.0040534  2109.436  111
333933573.2984338  5929.045  111
333934509.2640427  7556.218  111
333934663.1644425  1912.923  111
333935099.7389963  2038.894  111
333935501.7644992  4795.291  111
333936264.9848191  1493.416  111
333937430.2306113  3629.561  111
333937709.7639815  3333.529  111
333938843.6015596  1496.156  111
333938878.1506127  1930.542  111
333939459.2030978  4244.865  111
333939798.4121423  1380.092  111
333940153.3252898  1682.388  111
333942697.3930214  1517.544  111
333943601.9504450  3284.362  111
333943661.6261169  3188.473  111
333943696.1751807  1226.213  111
333947717.3665116  7486.857  111
333949922.2252055  1408.905  111
333950255.1525840  7228.839  111
333951426.6800418  2097.026  111
333952403.4763982  1509.293  111
333952576.2217199  1830.061  111
333953524.7506686  4415.948  111
333954218.8728427  1868.937  111
333954504.6878425  1416.358  111
333955657.3703461  7876.205  111
333956012.2834836  4164.403  111
333957654.9345677  2077.467  111
333958754.2230376  1646.091  111
333959363.5429232  3666.840  111
333959743.5826550  2683.056  111
333960456.5497193  1561.413  111
333961229.1924828  4829.719  111
333961260.6007279  1073.145  111
333961650.0629020  1264.644  111
333961819.6674209  1251.210  111
333962925.2375079  1152.458  111
333963641.3453891  2516.059  111
333964052.7933571  3877.793  111
333964125.0323017  1738.457  111
333964715.5072197  1633.522  111
333965136.3776302  1566.093  111
333965227.4615346  1060.925  111
333966446.1012496  1182.898  111
333966662.8181089  5485.542  111
333966854.4083807  1155.118  111
333968258.3566823  3681.151  111
333968440.5244665  1057.490  111
333969740.8255631  1843.870  111
333970277.9064417  7328.853  111
333970491.4824451  1688.600  111
333971295.5333511  1320.150  111
333971527.9543015  2183.461  111
333971961.3880077  1891.286  111
333972193.8089562  6353.534  111
333972357.1317834  1364.862  111
333973754.7983351  3591.832  111
333973767.3616277  1917.993  111
333974156.8237776  1827.437  111
333976107.2752333  5198.200  111
333976113.5568793  7938.759  111
333976707.1725273  1679.531  111
333976964.7200640  1481.133  111
333977438.9844007  1049.175  111
333977787.6158052  3723.710  111
333978305.8516662  1756.260  111
333978798.9609491  1328.740  111
333980105.5434504  1521.536  111
333981826.7145875  6502.966  111
333982213.0358344  1193.846  111
333982373.2178159  1221.980  111
333982385.7811067  5586.668  111
333982778.3840038  1492.750  111
333982812.9330580  1285.878  111
333983924.7843984  5492.259  111
333984047.2765129  7083.100  111
333984556.0898125  2304.895  111
333984948.6926890  1384.342  111
333985909.7844645  2196.626  111
333986842.6088287  1162.688  111
333987737.7433009  1355.924  111
333988127.2053049  1848.897  111
333988262.2606738  1939.209  111
333988422.4426295  4889.241  111
334099854.3912017  1835.791  111
334100253.2721490  1736.013  111
334102159.7353063  3934.505  111
334102935.5121463  3682.237  111
334103127.1008036  2228.175  111
334103585.6572876  1742.458  111
334104358.2937109  7396.892  111
334106000.9319860  5521.340  111
334106142.2680103  1236.190  111
334107813.1743417  1139.145  111
334109502.9261056  1160.155  111
334109952.0609736  4550.618  111
334109977.1873990  1827.410  111
334110024.2994555  4780.696  111
334110410.6182936  1783.477  111
334110690.1498044  2456.834  111
334113790.1238599  5135.136  111
334113890.6296272  5210.762  111
334113994.2761899  6250.166  111
334116861.8319567  1346.238  111
334117172.7717896  1148.837  111
334117973.6774718  1818.423  111
334121390.8758044  4410.854  111
334122628.3541480  1191.854  111
334123834.4245085  1293.950  111
334124208.1807206  3380.047  111
334125307.4637489  7417.492  111
334126532.3792092  2914.848  111
334127738.4499226  2584.107  111
334129783.1168941  2780.345  111
334129955.8614107  1554.690  111
334131717.8557284  1564.799  111
334132408.8339608  2865.662  111
334132820.2800871  6913.159  111
334134180.2509406  7544.776  111
334134525.7400799  5436.446  111
334135000.0024728  2319.650  111
334135957.9497039  1748.392  111
334136859.3623687  1208.857  111
334138128.2499451  1404.719  111
334138910.3118693  1025.443  111
334139368.8702793  1984.574  111
334139777.1757187  2050.351  111
334140537.2520173  4553.620  111
334141033.5001981  2177.925  111
334141090.0348084  4200.370  111
334141457.5097365  5113.966  111
334142217.5860785  2664.469  111
334142817.4810564  3596.575  111
334143448.7841543  6914.362  111
334143703.1898917  1521.467  111
334144566.9130784  1359.068  111
334145094.5694386  6666.400  111
334145788.6888202  1193.503  111
334146460.8225069  6971.978  111
334146533.0611899  1559.705  111
334147538.1209765  1877.342  111
334147930.7224646  2251.029  111
334149683.2955347  1579.255  111
334149881.1666884  1284.842  111
334150572.1453419  1294.000  111
334151033.8447171  7879.581  111
334151731.1050169  5664.477  111
334153653.2821106  6876.089  111
334155559.7551900  2908.710  111
334156125.1014254  3980.986  111
334156354.3807146  7414.704  111
334157481.9324007  1451.474  111
334158603.2024744  1407.837  111
334158603.2024744  1340.757  111
334158801.0736493  1422.303  111
334159846.9642447  7465.856  111
334160434.2961917  2964.586  111
334160701.2652579  1904.100  111
334162522.9366062  7535.857  111
334162849.5811317  1485.889  111
334163496.5885490  3006.894  111
334164561.3240765  3997.516  111
334165500.4271047  1188.385  111
334165896.1695183  1819.424  111
334167375.4923514  1400.813  111
334167494.8432444  1283.983  111
334168025.6406180  2132.350  111
334169329.0779573  1282.982  111
334169809.6223142  4477.365  111
334169869.2977813  3038.358  111
334171122.4821210  6531.207  111
334171424.0001683  6997.295  111
334171555.9143173  1830.309  111
334174860.0495426  2367.542  111
334174932.2882447  1055.732  111
334174991.9636735  3631.065  111
334174998.2453201  2160.171  111
334175651.5343981  2603.316  111
334175817.9974912  2424.365  111
334175858.8280798  1828.065  111
334175987.6013927  7323.729  111
334176298.5418905  1887.011  111
334176722.5516399  4334.047  111
334177083.7451224  1572.803  111
334177162.2654615  1676.142  111
334178431.1539147  1077.580  111
334178456.2804118  3295.805  111
334179232.0612315  1093.794  111
334180265.3887095  1758.827  111
334181955.1461209  1488.415  111
334182288.0722898  1597.470  111
334182639.8433590  2775.616  111
334184119.1662779  4813.291  111
334184313.8966875  3742.294  111
334187837.8888596  4994.296  111
334188230.4904541  1717.931  111
334192919.7241893  2031.262  111
334193968.7556831  3329.502  111
334194615.7631139  1104.165  111
334195853.2433786  1514.896  111
334196296.0979670  1149.228  111
334196409.1672423  2358.326  111
334196578.7711155  1590.187  111
334196613.3200556  1719.102  111
334196808.0504439  4547.614  111
334197015.3441046  1779.471  111
334197210.0744922  1186.494  111
334197376.5375757  3645.979  111
334197448.7762738  1986.414  111
334198906.1133584  1292.965  111
334199590.8105190  1282.513  111
334200523.6318834  1381.084  111
334200759.1928290  3077.825  111
334202251.0788190  3104.943  111
334203249.8572007  1934.729  111
334204770.0104425  3394.766  111
334205062.1059968  1713.526  111
334205313.3709973  1165.102  111
334206462.9083195  1573.217  111
334207838.5840874  1343.968  111
334208962.9948771  3309.992  111
334209462.3840249  1369.477  111
334210077.9831894  1806.895  111
334210285.2767709  1399.801  111
334210703.0047886  2130.468  111
334211095.6063021  5830.150  111
334211340.5896393  6924.798  111
334214336.9241751  2189.368  111
334214732.6664613  2316.772  111
334215401.6593602  7551.040  111
334215652.9243049  7832.127  111
334216268.5233654  2179.554  111
334216325.0579835  2221.908  111
334216645.4207574  1246.622  111
334216887.2632616  1233.804  111
334218658.6808921  4595.209  111
334219073.2679868  1767.551  111
334219453.3061411  2367.569  111
334221306.3847232  1676.705  111
334222528.1601786  4755.121  111
334223866.1455408  1428.854  111
334226582.9465946  7122.943  111
