 2005.495    3.17248   -1.53212    0.00700    0.00574  53551.397020
 2005.580    3.18222   -1.52628    0.00370    0.00168  53582.361440
 2006.336    3.19213   -1.53280    0.00470    0.00456  53858.542070
 2006.470    3.19113   -1.53397    0.00313    0.00455  53907.424220
 2007.374    3.19316   -1.53125    0.00413    0.00374  54237.552970
 2007.612    3.19482   -1.53390    0.00419    0.00473  54324.291700
 2009.340    3.19153   -1.52930    0.00261    0.00365  54955.535070
 2009.561    3.19857   -1.53273    0.00458    0.00628  55036.331790
 2010.511    3.19964   -1.53286    0.00838    0.00253  55383.357750
 2011.543    3.20076   -1.53300    0.00792    0.00391  55760.390760
 2011.642    3.20193   -1.53482    0.00364    0.00750  55796.250100
 2012.371    3.19648   -1.53160    0.00430    0.00244  56062.497010
 2013.550    3.20567   -1.53499    0.00792    0.00054  56493.312650
 2014.380    3.20795   -1.53488    0.00889    0.00191  56796.553320
 2016.338    3.21099   -1.53372    0.01235    0.00277  57511.503170
 2016.532    3.19611   -1.53171    0.00289    0.00203  57582.383590
 2017.343    3.21358   -1.53406    0.00494    0.00222  57878.519954
 2017.616    3.20535   -1.53382    0.00090    0.00132  57978.276485
 2017.649    3.21911   -1.54193    0.00080    0.00047  57990.266034
 2018.222    3.21845   -1.52984    0.00092    0.00180  58199.620417
 2018.394    3.21171   -1.52671    0.00067    0.00115  58262.529058
 2018.673    3.21139   -1.53173    0.00082    0.00081  58364.259051
