 2005.495    3.17375   -1.73396    0.00040    0.00046  53551.397020
 2005.580    3.17444   -1.73392    0.00016    0.00022  53582.361440
 2006.336    3.17945   -1.73303    0.00012    0.00014  53858.542070
 2006.470    3.18033   -1.73295    0.00015    0.00012  53907.424220
 2006.541    3.18073   -1.73295    0.00012    0.00014  53933.360930
 2007.374    3.18630   -1.73238    0.00012    0.00015  54237.552970
 2007.612    3.18780   -1.73215    0.00012    0.00011  54324.291700
 2008.371    3.19276   -1.73144    0.00014    0.00009  54601.524760
 2008.562    3.19389   -1.73129    0.00012    0.00012  54671.321660
 2009.340    3.19912   -1.73065    0.00009    0.00010  54955.535070
 2009.561    3.20057   -1.73068    0.00011    0.00016  55036.331790
 2009.689    3.20125   -1.73075    0.00013    0.00015  55083.254220
 2010.342    3.20571   -1.73013    0.00010    0.00012  55321.565470
 2010.511    3.20675   -1.72993    0.00013    0.00014  55383.357750
 2010.620    3.20738   -1.72991    0.00012    0.00013  55423.278270
 2011.401    3.21236   -1.72930    0.00013    0.00014  55708.532280
 2011.543    3.21315   -1.72912    0.00051    0.00020  55760.390760
 2011.642    3.21371   -1.72911    0.00014    0.00014  55796.250100
 2012.371    3.21897   -1.72857    0.00010    0.00013  56062.497010
 2012.562    3.21989   -1.72855    0.00012    0.00015  56132.306270
 2013.318    3.22435   -1.72783    0.00018    0.00018  56408.555080
 2013.550    3.22648   -1.72789    0.00012    0.00017  56493.312650
 2014.380    3.23144   -1.72726    0.00014    0.00018  56796.553320
 2014.596    3.23321   -1.72703    0.00011    0.00016  56875.309110
 2015.606    3.23935   -1.72646    0.00019    0.00018  57244.264360
 2016.338    3.24494   -1.72564    0.00087    0.00028  57511.503170
 2016.532    3.24618   -1.72595    0.00042    0.00026  57582.383590
 2017.343    3.25119   -1.72523    0.00014    0.00016  57878.519954
 2017.348    3.25091   -1.72467    0.00029    0.00022  57880.558363
 2017.616    3.25200   -1.72484    0.00026    0.00025  57978.276485
 2017.649    3.25156   -1.72486    0.00033    0.00026  57990.266034
 2018.208    3.25641   -1.72420    0.00055    0.00021  58194.635345
 2018.222    3.25449   -1.72434    0.00058    0.00033  58199.620417
 2018.244    3.25505   -1.72449    0.00039    0.00020  58207.628840
 2018.380    3.25728   -1.72466    0.00075    0.00032  58257.544961
 2018.394    3.25719   -1.72432    0.00053    0.00035  58262.529058
 2018.673    3.25938   -1.72464    0.00022    0.00036  58364.259051
