 2005.495    2.96086   -1.64731    0.00034    0.00047  53551.397020
 2005.580    2.96132   -1.64784    0.00015    0.00021  53582.361440
 2006.336    2.96422   -1.64913    0.00011    0.00013  53858.542070
 2006.470    2.96466   -1.64949    0.00014    0.00012  53907.424220
 2006.541    2.96476   -1.64970    0.00012    0.00014  53933.360930
 2007.374    2.96793   -1.65192    0.00011    0.00015  54237.552970
 2007.612    2.96868   -1.65261    0.00012    0.00011  54324.291700
 2008.371    2.97139   -1.65451    0.00013    0.00010  54601.524760
 2008.562    2.97201   -1.65489    0.00010    0.00011  54671.321660
 2009.340    2.97504   -1.65701    0.00009    0.00010  54955.535070
 2009.561    2.97597   -1.65770    0.00010    0.00015  55036.331790
 2009.689    2.97626   -1.65814    0.00013    0.00015  55083.254220
 2010.342    2.97881   -1.65971    0.00011    0.00011  55321.565470
 2010.511    2.97939   -1.66023    0.00014    0.00014  55383.357750
 2010.620    2.97978   -1.66055    0.00012    0.00011  55423.278270
 2011.401    2.98229   -1.66259    0.00014    0.00014  55708.532280
 2011.543    2.98281   -1.66297    0.00013    0.00013  55760.390760
 2011.642    2.98305   -1.66313    0.00060    0.00020  55796.250100
 2012.371    2.98639   -1.66509    0.00010    0.00011  56062.497010
 2012.562    2.98681   -1.66576    0.00011    0.00015  56132.306270
 2013.318    2.98913   -1.66780    0.00018    0.00016  56408.555080
 2013.550    2.99049   -1.66833    0.00013    0.00016  56493.312650
 2014.380    2.99321   -1.67073    0.00014    0.00015  56796.553320
 2014.596    2.99429   -1.67102    0.00012    0.00016  56875.309110
 2015.606    2.99753   -1.67380    0.00017    0.00018  57244.264360
 2016.338    3.00194   -1.67586    0.00098    0.00031  57511.503170
 2016.532    3.00208   -1.67652    0.00023    0.00019  57582.383590
 2017.343    3.00443   -1.67833    0.00014    0.00015  57878.519954
 2017.348    3.00398   -1.67758    0.00026    0.00019  57880.558363
 2017.616    3.00453   -1.67864    0.00024    0.00023  57978.276485
 2017.649    3.00417   -1.67876    0.00030    0.00023  57990.266034
 2018.208    3.00742   -1.68010    0.00018    0.00023  58194.635345
 2018.222    3.00585   -1.68025    0.00051    0.00032  58199.620417
 2018.244    3.00607   -1.68058    0.00034    0.00019  58207.628840
 2018.380    3.00753   -1.68107    0.00049    0.00033  58257.544961
 2018.394    3.00790   -1.68078    0.00047    0.00034  58262.529058
 2018.673    3.00925   -1.68184    0.00020    0.00025  58364.259051
