 2005.495    3.21491   -1.41426    0.00222    0.00113  53551.397020
 2005.580    3.21485   -1.41233    0.00057    0.00052  53582.361440
 2006.336    3.21922   -1.41213    0.00170    0.00134  53858.542070
 2006.470    3.22000   -1.41176    0.00149    0.00120  53907.424220
 2006.541    3.21828   -1.41247    0.00100    0.00145  53933.360930
 2007.374    3.22556   -1.40883    0.00074    0.00055  54237.552970
 2007.612    3.22620   -1.41091    0.00041    0.00097  54324.291700
 2008.371    3.23200   -1.40771    0.00351    0.00171  54601.524760
 2008.562    3.23165   -1.40977    0.00141    0.00083  54671.321660
 2009.340    3.23561   -1.40916    0.00104    0.00080  54955.535070
 2009.561    3.23705   -1.40914    0.00112    0.00090  55036.331790
 2009.689    3.23743   -1.40886    0.00202    0.00133  55083.254220
 2010.342    3.24142   -1.40817    0.00210    0.00168  55321.565470
 2010.511    3.24223   -1.40785    0.00171    0.00088  55383.357750
 2010.620    3.24260   -1.40744    0.00125    0.00086  55423.278270
 2011.401    3.24705   -1.40736    0.00236    0.00126  55708.532280
 2011.543    3.24787   -1.40615    0.00151    0.00058  55760.390760
 2011.642    3.24821   -1.40596    0.00215    0.00117  55796.250100
 2012.371    3.25303   -1.40573    0.00254    0.00194  56062.497010
 2012.562    3.25408   -1.40545    0.00200    0.00159  56132.306270
 2013.318    3.25769   -1.40583    0.00327    0.00205  56408.555080
 2013.550    3.26004   -1.40429    0.00149    0.00113  56493.312650
 2014.380    3.26418   -1.40452    0.00216    0.00191  56796.553320
 2014.596    3.26959   -1.40079    0.00206    0.00087  56875.309110
 2015.606    3.27470   -1.39999    0.00122    0.00066  57244.264360
 2016.338    3.27595   -1.40201    0.00030    0.00040  57511.503170
 2016.532    3.28071   -1.39971    0.00080    0.00046  57582.383590
 2017.343    3.28477   -1.39863    0.00113    0.00086  57878.519954
 2017.348    3.28396   -1.39962    0.00031    0.00024  57880.558363
 2017.616    3.28535   -1.39989    0.00025    0.00028  57978.276485
 2017.649    3.28598   -1.39980    0.00034    0.00026  57990.266034
 2018.208    3.28954   -1.39900    0.00025    0.00028  58194.635345
 2018.222    3.29609   -1.39877    0.00544    0.00060  58199.620417
 2018.244    3.28955   -1.39912    0.00081    0.00025  58207.628840
 2018.380    3.28780   -1.40026    0.00085    0.00103  58257.544961
 2018.394    3.28714   -1.40033    0.00055    0.00047  58262.529058
 2018.673    3.29001   -1.39907    0.00025    0.00029  58364.259051
