5.432196634667960554e+07
5.432196589407177269e+07
5.432196663058758527e+07
5.432196661406510323e+07
5.432196661339581758e+07
5.432196661801875383e+07
5.432196661768381298e+07
5.432196661697985232e+07
5.432196660860992223e+07
5.432196659398720413e+07
5.432196661615067720e+07
5.432196661433844268e+07
5.432196660152097791e+07
5.432196711994139850e+07
5.432196661741546541e+07
5.432196663276097924e+07
5.432196661479537934e+07
5.432196657320997864e+07
5.432196661827789992e+07
5.432196661737864465e+07
5.432196671909584105e+07
5.432196661669874191e+07
5.432196660200124979e+07
5.432196662081736326e+07
5.432196663738718629e+07
5.432196655885372311e+07
5.432196661737696826e+07
5.432196647452457249e+07
5.432196641421245784e+07
5.432196661794207245e+07
5.432196661687662452e+07
5.432196663567356020e+07
5.432196661737672240e+07
5.432196661797462404e+07
5.432196639646640420e+07
5.432196661737600714e+07
8.902231213435579836e+07
8.902231214045009017e+07
8.902231214543521404e+07
8.902231213380651176e+07
8.902231208297620714e+07
8.902231211831822991e+07
8.902231213382217288e+07
8.902231213857758045e+07
8.902231213382016122e+07
8.902231213328357041e+07
8.902231211400347948e+07
8.902231214015509188e+07
8.902231213525967300e+07
8.902231213291700184e+07
8.902231214199014008e+07
8.902231213425058126e+07
8.902231213380882144e+07
8.902231212680146098e+07
8.902231215686339140e+07
8.902231213212378323e+07
8.902231213553220034e+07
8.902231213338492811e+07
8.902231213371644914e+07
8.902231209418489039e+07
8.902231213381859660e+07
8.902231211062020063e+07
8.902231214276330173e+07
8.902231213382297754e+07
8.902231245921936631e+07
8.902231213382311165e+07
8.902231213381692767e+07
8.902231213517291844e+07
8.902231213382314146e+07
1.114781345869600326e+08
1.114781344995115846e+08
1.114781345103249550e+08
1.114781344943901151e+08
1.114781345000681281e+08
1.114781348202934712e+08
1.114781345048976988e+08
1.114781345337817073e+08
1.114781345148780495e+08
1.114781345432382077e+08
1.114781345458330959e+08
1.114781344294713140e+08
1.114781347719603181e+08
1.305307715864816010e+08
1.305307715555016547e+08
1.305307717893574685e+08
1.305307715014127195e+08
1.305307716519118547e+08
1.305307704533560425e+08
1.305307716694503874e+08
1.305307716612502933e+08
1.305307714206330925e+08
1.305307716721660793e+08
1.332891729366235733e+08
1.332891730356198996e+08
1.332891730576979518e+08
1.332891730387852788e+08
1.332891702831659317e+08
1.332891729952145070e+08
1.332891729889544994e+08
1.356138938415019214e+08
1.356138938269191384e+08
1.356138937841729522e+08
1.356138937993648350e+08
1.356138938279666305e+08
1.356138939673541784e+08
1.356138938616568446e+08
1.356138938418236077e+08
1.356138938418118656e+08
1.371656370080064237e+08
1.371656370105410516e+08
1.371656370093744993e+08
1.371656370619977117e+08
1.371656370088718534e+08
1.371656370078368485e+08
1.371656369558450878e+08
1.371656370160325766e+08
1.385378804915854335e+08
1.385378802403061688e+08
1.385378803928361237e+08
1.385378802405143976e+08
1.385378802133282423e+08
1.385378802405142188e+08
1.385378802404684722e+08
1.385378802405125201e+08
1.385378802405138314e+08
1.385378802404887378e+08
1.385378802405060828e+08
1.385378802407203317e+08
1.385378783088886738e+08
1.385378802405121624e+08
1.385378802405146658e+08
1.385378817344336808e+08
1.385378802352954447e+08
1.385378802405138314e+08
1.385378802404928207e+08
1.385378802405134737e+08
1.385378802405009866e+08
1.385378802405142784e+08
1.385378802404873967e+08
1.385378802403393984e+08
1.385378802405143678e+08
1.385378802405145168e+08
1.386741025671258569e+08
1.386741025434148312e+08
1.386741026060411036e+08
1.386741027239378393e+08
1.386741026468781531e+08
1.386741023971493244e+08
1.386741026410616338e+08
1.386741027202974558e+08
1.386741023548817933e+08
1.386741026743732989e+08
1.386741026606571674e+08
1.386741026476863325e+08
1.386741026468576789e+08
1.386741026048087478e+08
1.386741027435914874e+08
1.386741027358286977e+08
1.386741026468296051e+08
1.386741026193695962e+08
1.386741027574221790e+08
1.386741026339626610e+08
1.386741026468054950e+08
1.386741026468586028e+08
1.386741026468293965e+08
1.386741026467852294e+08
1.386741026468296647e+08
1.388979686818341017e+08
1.388979681096848547e+08
1.388979686842598617e+08
1.388979683975813985e+08
1.388979690206099451e+08
1.388979686842375696e+08
1.388979686844286025e+08
1.388979686842387319e+08
1.388979686863861382e+08
1.388979686842375696e+08
1.388979686842373908e+08
1.388979686837930977e+08
1.388979686842501760e+08
1.388979686842381954e+08
1.388979682981138825e+08
1.388979685078027248e+08
1.388979686842379868e+08
1.388979686842381954e+08
1.388979684002638459e+08
1.388979686842964292e+08
1.388979686842380166e+08
1.388979694245608449e+08
1.388979686842372715e+08
1.388979686842378080e+08
1.388979686842393279e+08
1.388979686842375100e+08
1.388979686842382550e+08
1.388979686851508021e+08
1.388979686842295229e+08
1.388979686842398942e+08
1.388979686842381358e+08
1.388979686863874197e+08
1.388979686842382848e+08
1.388979686842374802e+08
1.388979686842386127e+08
1.388979685895631313e+08
1.388979686842382550e+08
1.388979686842385232e+08
1.388979686842376590e+08
1.388979686842381060e+08
1.388979683064782619e+08
1.388979686842735410e+08
1.388979686842380464e+08
1.388979686860835850e+08
1.388979686842375398e+08
1.388979695078566670e+08
1.388979686978701353e+08
1.388979686842384636e+08
1.388979686842381954e+08
1.388979686870734990e+08
1.388979686842380464e+08
1.388979686842381656e+08
1.388979686843914986e+08
1.388979686842380464e+08
1.388979686842379272e+08
1.388979686842382848e+08
1.388979686842381954e+08
1.388979686842380464e+08
1.388979686842381954e+08
1.388979693115489483e+08
1.388979686842382848e+08
1.388979686842380464e+08
1.388979686842382252e+08
1.388979682700815797e+08
1.388979686871651113e+08
1.388979686842381954e+08
1.388979686843032539e+08
1.388979686842381954e+08
1.388979686842380464e+08
1.388979686842707098e+08
1.388979686753767431e+08
1.388979686844592392e+08
1.388979686842383444e+08
1.388979686837680340e+08
1.388979686842419505e+08
1.388979686842379868e+08
1.388979686850519776e+08
1.388979686874223053e+08
1.388979686842381656e+08
1.388979686842383146e+08
1.388979686842380166e+08
1.388979686842382848e+08
1.388979687491668165e+08
1.388979687506981790e+08
1.388979686842383146e+08
1.388979686842381954e+08
1.388979686842708886e+08
1.388979686842383742e+08
1.388979686842381060e+08
1.388979686842380464e+08
1.388979686842375994e+08
1.388979686842375398e+08
1.388979686842380464e+08
1.388979686842380464e+08
1.388979686842382550e+08
1.388979686843493879e+08
1.388979686842842400e+08
1.388979686842381954e+08
1.388979686849646568e+08
1.388979686842381060e+08
1.388979686842375398e+08
1.388979686842380464e+08
1.388979686842380464e+08
1.388979686842377484e+08
1.388979686842381954e+08
1.388979686842379570e+08
1.389528982478418052e+08
1.389532353991271555e+08
1.389584717530270219e+08
1.389635966426689029e+08
1.389640396713144481e+08
1.389651194838338792e+08
1.389668653380810916e+08
1.389693025866000354e+08
1.389694938601364493e+08
1.389701013084364831e+08
1.389703135539299548e+08
1.389724393605602682e+08
1.389740051597006321e+08
1.389764597002455294e+08
1.389772298965375721e+08
1.389777688422954381e+08
1.389802807245389521e+08
1.389808865171718597e+08
1.389835825326678753e+08
1.389840033431616426e+08
1.389847103397615254e+08
1.389852732253746688e+08
1.389859448637011051e+08
1.389890171882809401e+08
1.389911217774210274e+08
1.389927214357862771e+08
1.389939715211430788e+08
1.389949992780485749e+08
1.389955644653610289e+08
1.389992241829275787e+08
1.389992577183537781e+08
1.390007443205644786e+08
1.390037128498059809e+08
1.390069480590018034e+08
1.390096723102578521e+08
1.390113550384826362e+08
1.390122373793119490e+08
1.390134655332523286e+08
1.390156890401872993e+08
1.390159876370955110e+08
1.390165453411228061e+08
1.390183590239206851e+08
1.390184538643610477e+08
1.390188378182177842e+08
1.390222836661546528e+08
1.390243729847749770e+08
1.390265258182248771e+08
1.390274240482125878e+08
1.390295227116881013e+08
1.390305686260702908e+08
1.390306401952930689e+08
1.390308108644163907e+08
1.390308957624213994e+08
1.390318795777873397e+08
1.390356548296381831e+08
1.390358703656452000e+08
1.390361467971058190e+08
1.390367048179610074e+08
1.390378801611962020e+08
1.390381789958728552e+08
1.390423417195327580e+08
1.390436198448590040e+08
1.390440794435012639e+08
1.390470058185681403e+08
1.390495135398158729e+08
1.390496733508159220e+08
1.390536336861441135e+08
1.390559143149576485e+08
1.390570409970962107e+08
1.390587758207519054e+08
1.390590202224332094e+08
1.390599188434985578e+08
1.390616766351219118e+08
1.390669307110336721e+08
1.390693485459002852e+08
1.390716636723607183e+08
1.390720019689001739e+08
1.390732335427947342e+08
1.390741386939187646e+08
1.390776012245912552e+08
1.390780089695879817e+08
1.390801662661665976e+08
1.390802313019693792e+08
1.390821022448310852e+08
1.390833476324121058e+08
1.390836358882081807e+08
1.390871152255220115e+08
1.390873500373754203e+08
1.390880371795603037e+08
1.390906084347426295e+08
1.390929118627672493e+08
1.390949054056547880e+08
1.390980596262235045e+08
1.390989947771945894e+08
1.391040667390220165e+08
1.391050793994476795e+08
1.391078435188826025e+08
1.391090559763582945e+08
1.391125870690595210e+08
1.391129486324968040e+08
1.391139556260536909e+08
1.395503769651865959e+08
1.395503769651865363e+08
1.395503769651860893e+08
1.395503769624526501e+08
1.395503769651865959e+08
1.395503769649633765e+08
1.395503769651866555e+08
1.395503769651865661e+08
1.395503769651864171e+08
1.395503769651867151e+08
1.395503769651855230e+08
1.395503769651866257e+08
1.395503769651871026e+08
1.395503769651866555e+08
1.395503769651865959e+08
1.395503769651865661e+08
1.395503769651865959e+08
1.395503769651862681e+08
1.395503769651861191e+08
1.395503769651865959e+08
1.395503769651865959e+08
1.395503769651862681e+08
1.395503769651866555e+08
1.395503769651865065e+08
1.395503770142994225e+08
1.395503769651865959e+08
1.395503769651863575e+08
1.395503769651865661e+08
1.395503769651864767e+08
1.395503769613213241e+08
1.395503769651865959e+08
1.395503770648305416e+08
1.395503769651865661e+08
1.395503769651865959e+08
1.395503769651865065e+08
1.395503769651865959e+08
1.395503769651865959e+08
1.395503769651865661e+08
1.395503769677478373e+08
1.395503769651865661e+08
1.395503772764654458e+08
1.395503769651866257e+08
1.395503769651865959e+08
1.395503769651866257e+08
1.395503769651865959e+08
1.395503769651859701e+08
1.395503768863204122e+08
1.395503769651865363e+08
1.395503769651865363e+08
1.395503769651865959e+08
1.395503769651865959e+08
1.395503769651865661e+08
1.395503769651859701e+08
1.395503769651860297e+08
1.395503769650898576e+08
1.395503769645853043e+08
1.395503769651865959e+08
1.395503769651865363e+08
1.395503769651867747e+08
1.395503769651867747e+08
1.395503769651865959e+08
1.395503769651865959e+08
1.395503769651862681e+08
1.395503769651863277e+08
1.395503769651865065e+08
1.395503769651867449e+08
1.724641745863505304e+08
1.724641742802133560e+08
1.724641741198382378e+08
1.724641745822785497e+08
1.724641742776717842e+08
1.724641742749142349e+08
1.724641742854329050e+08
1.724641743943605721e+08
1.724641740758313835e+08
1.724641742586520016e+08
1.724641742608124316e+08
1.724641742592014372e+08
1.724641743289577067e+08
1.724641742535713613e+08
1.724641731470101178e+08
1.724641742528254688e+08
1.724641742816350460e+08
1.724641736441377401e+08
1.724641742422728837e+08
1.724641744144689441e+08
1.724641742579283118e+08
1.724641744151280522e+08
1.724641742355836034e+08
2.055069731465498805e+08
2.055069731465859413e+08
2.055069731465850770e+08
2.055069731463775635e+08
2.055069731633855104e+08
2.055069732630703449e+08
2.055069732195549011e+08
2.055069731291633248e+08
2.055069731395651400e+08
2.055069731499028206e+08
2.055069731465784907e+08
2.055069731370007992e+08
2.055069731677027345e+08
2.055069731465848684e+08
2.055069731434787512e+08
2.055069731465841234e+08
2.055069731465840936e+08
2.055069731465862393e+08
2.055069731193528473e+08
2.055069731465841532e+08
2.055069731465841234e+08
2.055069731466336548e+08
2.055069731466258168e+08
2.055069731035517752e+08
2.055069730908994377e+08
2.055069731586651206e+08
2.055069731467554271e+08
2.055069731465902627e+08
2.055069731464467943e+08
2.055069731465841234e+08
2.055929727067632675e+08
2.055929727598514855e+08
2.055929727156128287e+08
2.055929727806982696e+08
2.055929717680757940e+08
2.055929727013753057e+08
2.055929727871990800e+08
2.055929727176588476e+08
2.055929719406428635e+08
2.055929727611428499e+08
2.055929725857287347e+08
2.055929726504324973e+08
2.055929727432232499e+08
2.055929727922016680e+08
2.055929727334699035e+08
2.055929727072671950e+08
2.055929727059357166e+08
2.055929726975767314e+08
2.055929727076447308e+08
2.055929727045924962e+08
2.055929726749253273e+08
2.055929722592732608e+08
2.055929727007121146e+08
2.055929724302154183e+08
2.055929726678534150e+08
2.055929726609861851e+08
2.055929725852851272e+08
2.055929727074981034e+08
2.055929727165850103e+08
2.055929727052851617e+08
2.055929727073667347e+08
2.055929727072199285e+08
2.055929727073413432e+08
2.055929727076509595e+08
2.100904223656203747e+08
2.100904223699649274e+08
2.100904223776879609e+08
2.100904223700085878e+08
2.100904223696747124e+08
2.100904223746408820e+08
2.258804733286294043e+08
2.258804733512087762e+08
2.258804733123112023e+08
2.258804733210224807e+08
2.258804732995710373e+08
2.258804733664385974e+08
2.258804733870304227e+08
2.386760616222192347e+08
2.386760616481048167e+08
2.386760613311227858e+08
2.386760616799199581e+08
2.386760613101252019e+08
2.386760615441796482e+08
2.386760615217881799e+08
2.386760616277326941e+08
2.386760616255578399e+08
2.386760615371377468e+08
2.386760608458253443e+08
2.386760618166520298e+08
2.386760616279523969e+08
2.386760606252446771e+08
2.386760616352908313e+08
2.386760614144529402e+08
2.386760615238610804e+08
2.386760616199487448e+08
2.386760616232405603e+08
2.386760611002666056e+08
2.386760616240571737e+08
2.386760620200175345e+08
2.386760616177070141e+08
2.386760616188022196e+08
2.386760610631578863e+08
2.386760618279546201e+08
2.386760616248599887e+08
2.386760616231952906e+08
2.386760616247150600e+08
2.386760618046776950e+08
2.386760611367519200e+08
2.386760616207346618e+08
2.389275261595388055e+08
2.389275261577964723e+08
2.389275261595474780e+08
2.389275262314762473e+08
2.389275261697269082e+08
2.389275261595055759e+08
2.389275261595503092e+08
2.389275261595180333e+08
2.389275262224752307e+08
2.389275261628538072e+08
2.389275258512684703e+08
2.389275261591153741e+08
2.389275261595155299e+08
2.389275261595456898e+08
2.389275264981413484e+08
2.389275261606389284e+08
2.389275261595499814e+08
2.389275262074612975e+08
2.389275265523095131e+08
2.389275261595380008e+08
2.389275261595497131e+08
2.389275260570454597e+08
2.389275263034669161e+08
2.389275261165404618e+08
2.389275261595497429e+08
2.389275261595471501e+08
2.389275260615226626e+08
2.389275261595387459e+08
2.389275260368573070e+08
2.389275261592612863e+08
2.389275261595249474e+08
2.389275262536521852e+08
2.389275259614750147e+08
2.389275261616992056e+08
2.389275261693551838e+08
2.389275261595503688e+08
2.391038327175419033e+08
2.391038327426409125e+08
2.391038327402677238e+08
2.391038327429809272e+08
2.391038327465931475e+08
2.391038327564151883e+08
2.391038309529887736e+08
2.391038334201272428e+08
2.391038327637248039e+08
2.391038327905695736e+08
2.391038329071947634e+08
2.391038326168967485e+08
2.391038327883982658e+08
2.391038327948236465e+08
2.391038328048250377e+08
2.391038328203753829e+08
2.391038328576926887e+08
2.391038331620648801e+08
2.391038328370456696e+08
2.391038331773632169e+08
2.391038327329591811e+08
2.391038325135300756e+08
2.391038328522822857e+08
2.391038328521652222e+08
2.391038345214475095e+08
2.391038328724658489e+08
2.391038338730880320e+08
2.391038328803833723e+08
2.391913562740805745e+08
2.391913562480405569e+08
2.391913562741211057e+08
2.391913562741035521e+08
2.391913562741258740e+08
2.391913562740378082e+08
2.391913562741048336e+08
2.391913562741204798e+08
2.391913562375356555e+08
2.391913562713622749e+08
2.391913561606236696e+08
2.391913555698386431e+08
2.391913558683831394e+08
2.391913562667465508e+08
2.391913562741270065e+08
2.391913562741158605e+08
2.391913573510753810e+08
2.391913559746536314e+08
2.391913562622023225e+08
2.391913562741252482e+08
2.391913559557027817e+08
2.391913562741272151e+08
2.391913562741226256e+08
2.391913562741244137e+08
2.391913562741264105e+08
2.391913562741189003e+08
2.391913562741093040e+08
2.391913562741275728e+08
2.391913574354732335e+08
2.391913562741270065e+08
2.393342335646368861e+08
2.393342302382527292e+08
2.393342329575147927e+08
2.393342325826440454e+08
2.393342322280468643e+08
2.393342326988109648e+08
2.393342328371424675e+08
2.393342327962206900e+08
2.393342325909574628e+08
2.393342333747869134e+08
2.393342357639327943e+08
2.393342330452331901e+08
2.393342319920630753e+08
2.393342328229437768e+08
2.393342344878889024e+08
2.393342329266037941e+08
2.611310088678593636e+08
2.611310088675553203e+08
2.611310088693099320e+08
2.611310088812477291e+08
2.611310088644559979e+08
2.630935362738534808e+08
2.630935362860703468e+08
2.630935363080704510e+08
2.630935363796191812e+08
2.630935361943795383e+08
2.655726788557699025e+08
2.655726790690635741e+08
2.655726791653688848e+08
2.655726791192584634e+08
2.655726788024290800e+08
2.684054185522778928e+08
2.684054182304646671e+08
2.684054234663185775e+08
2.684054253412229121e+08
2.684054185132022798e+08
2.695289320761440992e+08
2.695289320781599879e+08
2.695289320782646537e+08
2.695289316610980034e+08
2.695289314998632669e+08
2.695289320781446695e+08
2.695289320163550973e+08
2.695289324305569530e+08
2.695289320108972788e+08
2.695289320781678557e+08
2.695289312494567633e+08
2.695289320781690478e+08
2.695289320781688094e+08
2.695289326086659431e+08
2.695289320780785680e+08
2.695289320535393357e+08
2.695289318183938265e+08
2.695289321560807824e+08
2.695289320781584382e+08
2.695289320781443715e+08
2.695289320781689882e+08
2.695289301383794546e+08
2.695289320781680942e+08
2.695289320781688094e+08
2.695289320780645609e+08
2.695289320781688094e+08
2.706668160531358123e+08
2.706668160430356264e+08
2.706668160159474611e+08
2.706668160541825891e+08
2.706668160771323442e+08
2.706668158838365674e+08
2.706668167275523543e+08
2.706668160430079103e+08
2.726233809237777591e+08
2.726233810761117935e+08
2.726233807843753695e+08
2.726233807099882960e+08
2.726233807129457593e+08
2.726233810102406144e+08
2.726233809113305807e+08
2.755873082049298882e+08
2.755873083318836093e+08
2.755873083044682741e+08
2.755873083207931519e+08
2.755873083009323478e+08
2.755873083351723552e+08
2.755873083127487302e+08
2.755873083270816207e+08
2.784866329515308738e+08
2.784866329452495575e+08
2.784866329534623623e+08
2.784866328233786225e+08
2.784866329297784567e+08
2.784866330325523019e+08
2.875710240393288136e+08
2.875710240298689008e+08
2.875710240183928609e+08
2.875710239787842035e+08
2.875710241867920756e+08
2.875710240287145376e+08
2.875710237030411959e+08
2.875710240413047075e+08
2.912578816116125584e+08
2.912578812435968518e+08
2.912578816461460590e+08
2.912578817340613008e+08
2.912578816288550496e+08
2.912578820724743009e+08
2.912578815964561701e+08
2.957600641498994827e+08
2.957600634766311646e+08
2.957600639069966078e+08
2.957600632967290282e+08
2.957600638458995819e+08
2.957600643472973108e+08
2.957600642856631279e+08
3.012936686763010621e+08
3.012936658383809924e+08
3.012936683738775253e+08
3.012936679392384291e+08
3.051588194367269278e+08
3.051588162303490639e+08
3.051588192762312293e+08
3.051588139921848774e+08
3.051588195143086910e+08
3.051588175487578511e+08
3.051588193406532407e+08
3.097875283895590305e+08
3.097875278475185633e+08
3.097875278376668096e+08
3.263774287405191064e+08
3.263774287035004497e+08
3.263774289150493145e+08
3.263774285801938772e+08
3.263774287420603633e+08
3.263774289491989017e+08
3.263774288051978946e+08
3.263774287387342453e+08
3.263774289468252063e+08
3.263774287145006657e+08
3.263774287883611321e+08
3.263774287606099844e+08
3.263774287398512363e+08
3.263774287414981127e+08
3.263774287411297560e+08
3.263774287420562506e+08
3.263774287859197855e+08
3.263774288589776754e+08
3.263774287420576811e+08
3.263774287274267673e+08
3.263774287394488454e+08
3.264613451136621237e+08
3.264613458093349338e+08
3.264613458093351126e+08
3.264613470736653209e+08
3.264613458093349338e+08
3.264613458093371391e+08
3.264613458086152673e+08
3.264613458092747331e+08
3.264613458183830380e+08
3.264613458093349338e+08
3.264613458091528416e+08
3.264613458408501744e+08
3.264613458091905117e+08
3.264613457814458013e+08
3.264613458091395497e+08
3.264613458093349934e+08
3.264613458093350530e+08
3.264613457876215577e+08
3.264613458093349338e+08
3.264613458093349338e+08
3.268064040727274418e+08
3.268064040882198811e+08
3.268064040957191586e+08
3.268064040893636346e+08
3.268064040868439078e+08
3.268064040897462368e+08
3.268064040818170309e+08
3.268064040910351276e+08
3.268064040895583034e+08
3.268064040859264135e+08
3.268064041239929795e+08
3.268064041232223511e+08
3.268064040900956988e+08
3.268064028012865186e+08
3.268064040900462270e+08
3.268064040896804333e+08
3.268064040900653601e+08
3.268944693141360879e+08
3.268944691273372769e+08
3.268944686124070883e+08
3.268944691545141935e+08
3.268944691915537119e+08
3.268944693664251566e+08
3.268944690273723602e+08
3.268944690745399594e+08
3.268944690699078441e+08
3.268944691559689045e+08
3.268944694296818972e+08
3.268944691589839458e+08
3.268944691561890244e+08
3.268944690794626474e+08
3.268944691561404467e+08
3.268944691561892629e+08
3.334421534773923755e+08
3.334421535192472339e+08
3.334421533350439072e+08
3.334421534196224213e+08
3.334421533446145654e+08
3.334421533646746874e+08
3.334421533662562370e+08
3.334421535684843063e+08
3.334421529212152958e+08
3.334421534419437051e+08
3.334421528075411916e+08
3.334421533257222772e+08
3.334421537616192698e+08
3.334421534004968405e+08
3.334421534137481451e+08
3.334421534208758473e+08
3.334421534281419516e+08
3.335252568979740143e+08
3.335252561531995535e+08
3.335252563959008455e+08
3.335252567127480507e+08
3.335252563975647688e+08
3.335252563476747870e+08
3.335252567165923119e+08
3.335252564162159562e+08
3.335252556407091022e+08
3.335252563902389407e+08
3.335252549512428641e+08
3.335252563937160969e+08
3.335252563946276903e+08
3.335252569798961878e+08
3.335252560063682199e+08
3.335252557335640788e+08
3.335252564007186294e+08
3.335252563994837403e+08
3.335252564654442668e+08
3.335252564591416121e+08
3.335252564096603990e+08
3.335252564081157446e+08
3.591163000995070338e+08
3.591163000995070338e+08
3.591163001000649929e+08
3.591163001035116911e+08
3.591163000995070338e+08
3.591163000994991064e+08
3.591163000995072126e+08
3.591163000995070934e+08
3.591163000582358241e+08
3.591163000994884372e+08
3.591163000995082855e+08
3.591163000995069742e+08
3.591163000995070934e+08
3.591163001001399159e+08
3.591163000995069742e+08
3.591163000995076895e+08
3.591163000994514823e+08
3.591163000995153189e+08
3.591163000995070934e+08
3.591163000995070338e+08
3.591163000995070338e+08
3.591163000995070338e+08
3.591163000995070934e+08
3.591163000994994640e+08
3.591163000995082259e+08
3.591163000995070338e+08
3.591163000995077491e+08
3.591163000995079875e+08
3.591163000995081663e+08
3.591163000994910598e+08
3.591163000994861722e+08
3.591163000101534724e+08
3.591163000995069742e+08
3.591163000995070934e+08
3.591163000997279286e+08
3.591163000995073915e+08
3.591163000995070338e+08
3.591163000995070934e+08
3.591163000995040536e+08
3.591163000995070338e+08
3.591163001241530776e+08
3.591163000995070338e+08
3.591163000994896293e+08
3.591163000995072126e+08
3.591163000995080471e+08
3.591163000995070338e+08
3.591163000995081067e+08
3.591163000995070338e+08
3.591163000995072126e+08
3.591163000994942188e+08
3.591163000995077491e+08
3.591163000633460283e+08
3.591163000995075703e+08
3.591163000995072126e+08
3.591163000995069742e+08
3.591163000995556712e+08
3.591163000995071530e+08
3.591163000995061398e+08
3.591163000995044708e+08
3.591163001006501317e+08
3.591163000995070934e+08
3.591163000965050459e+08
3.591163001213318110e+08
3.591163000995072126e+08
3.591163001583586335e+08
3.591163000995016098e+08
3.591163000995070338e+08
3.591163000995036364e+08
3.591163000995073318e+08
3.591163000995063782e+08
3.591163000995073915e+08
3.591163000995017290e+08
3.591163000995070934e+08
3.591163000995073318e+08
3.901860610879808664e+08
3.901860610881552696e+08
3.901860610880823731e+08
3.901860610880833864e+08
3.901860610881372690e+08
3.901860610881583095e+08
3.901860610883444548e+08
3.901860610881554484e+08
3.901860610881567597e+08
3.901860610881548524e+08
3.901860610877028108e+08
3.901860610880949497e+08
3.901860610878762603e+08
3.901860610885452628e+08
3.901860610881555676e+08
3.901860610881548524e+08
3.901860610880948305e+08
3.901860610881546140e+08
3.901860610881549120e+08
3.901860610890361667e+08
3.901860610868494511e+08
3.901860610882100463e+08
3.901860610883759856e+08
3.901860610881600380e+08
3.901860610881987214e+08
3.901860610881554484e+08
3.901860610881481767e+08
3.901860610881548524e+08
3.901860610872732997e+08
3.901860610881546736e+08
3.901860610881432891e+08
3.901860610885707140e+08
3.901860610881546140e+08
3.901860610880351663e+08
3.901860610876589417e+08
3.901860610881555080e+08
3.901860610881546140e+08
3.901860610881549120e+08
3.901860610881545544e+08
3.901860610881546736e+08
3.901860610882042050e+08
3.901860610881549120e+08
3.901860610881598592e+08
3.901860610881577134e+08
3.901860610881644487e+08
3.901860610881546140e+08
3.901860610881550312e+08
3.901860610882088542e+08
3.901860610881552100e+08
3.901860610882725716e+08
3.901860610881546140e+08
3.901860610881546736e+08
3.901860610881547928e+08
3.901860610886651874e+08
3.901860610881546736e+08
3.901860610882951617e+08
3.901860610880178809e+08
3.901860610881554484e+08
3.901860610879993439e+08
3.901860610881546736e+08
3.901860610864354372e+08
3.901860610881546736e+08
4.178026255282717347e+08
4.178026254447621107e+08
4.178026254281669855e+08
4.178026254265623093e+08
4.178026254244806170e+08
4.178026254219068289e+08
4.178026254236968756e+08
4.178026250337741971e+08
4.178026252806252241e+08
4.178026249125468731e+08
4.178026254582955241e+08
4.178026254234588146e+08
4.179771883007577658e+08
4.179771883226998448e+08
4.179771883159400225e+08
4.179771883565543294e+08
4.179771883017522693e+08
4.179771881655641198e+08
4.179771883318877220e+08
4.179771883406232595e+08
4.179771884168775678e+08
4.179771882905287147e+08
4.179771882251726985e+08
4.179771875852273703e+08
4.816206074667746425e+08
4.816206079970528483e+08
4.816206081379492283e+08
4.816206083404874802e+08
4.816206080434843898e+08
4.816206079289953709e+08
4.816206077557209134e+08
4.816206077505511642e+08
4.816206126923490167e+08
4.816206083724445701e+08
4.816206076508651376e+08
4.816206075717617273e+08
4.816206075167952180e+08
4.816206075079875588e+08
4.823675541157438755e+08
4.823675542474536896e+08
4.823675541050640941e+08
4.823675547083596587e+08
4.823675542287753224e+08
4.823675545213055611e+08
4.823675541651296616e+08
4.823675536081827283e+08
4.823675542240325809e+08
4.823675545519705415e+08
4.823675540100394487e+08
4.823675539709286690e+08
4.823675542268232107e+08
4.823675542342304587e+08
4.823675542654136419e+08
4.823675542414922118e+08
4.823675542279663682e+08
4.823675542516341209e+08
