      1620     185.00        nan    0.00013 50000.00000          2    0.00013    0.00013
      1906     138.00    1.00000    0.00014 45433.89368          6    0.00014    0.00014
      3236     140.00    1.00000    0.00015 42789.90158          6    0.00015    0.00015
      1671     117.00    0.30719    0.00013 49603.17460          2    0.00013    0.00050
      1612     110.00    1.00000    0.00013 49900.19960          6    0.00013    0.00013
      3107     105.00    0.22898    0.00014 43725.40446          2    0.00013    0.00053
      2338     102.00    1.00000    0.00013 48169.55684          2    0.00013    0.00013
      3401     104.00    0.14942    0.00027 23474.17840          2    0.00014    0.00056
      2942      97.00    0.03238    0.00021 29231.21894          1    0.00013    0.00060
      2276     104.00    1.00000    0.00016 40371.41704          5    0.00014    0.00016
      3051      99.00    0.09748    0.00015 40683.48251          1    0.00013    0.00058
      2187      94.00    1.00000    0.00013 47258.97921          3    0.00013    0.00014
      2652      96.00    0.00973    0.00062 10189.52517          1    0.00013    0.00062
      1502      95.00    0.04933    0.00013 48007.68123          1    0.00013    0.00059
      2962      96.00    0.10803    0.00033 19113.14985          2    0.00013    0.00058
      2148     104.00    0.03698    0.00053 11781.33836          1    0.00013    0.00059
      2560      92.00    0.04448    0.00028 22563.17690          1    0.00013    0.00059
      2176     104.00    1.00000    0.00015 42462.84501          9    0.00014    0.00015
      1937      92.00    0.98762    0.00021 30432.13634          2    0.00021    0.00050
      2798      97.00    0.04999    0.00014 44702.72687          1    0.00013    0.00059
      3564     111.00    0.99999    0.00013 48756.70405          2    0.00013    0.00014
      1537      98.00    0.04827    0.00014 43840.42087          1    0.00013    0.00059
       566      93.00    0.01481    0.00018 34662.04506          1    0.00013    0.00060
      2178      94.00    1.00000    0.00013 49875.31172          2    0.00013    0.00013
      3231      94.00    0.01242    0.00023 27700.83102          1    0.00013    0.00060
      2226      93.00    0.01306    0.00058 10815.48778          1    0.00013    0.00060
      3006      93.00    0.02425    0.00030 21159.54295          1    0.00013    0.00060
      2311      92.00    0.06409    0.00017 37778.61730          1    0.00013    0.00061
      2730      93.00    0.99858    0.00038 16714.02307          2    0.00019    0.00038
      1767      92.00    0.05075    0.00042 14872.09994          1    0.00013    0.00059
      1248      92.00    0.04427    0.00035 18089.72504          1    0.00013    0.00062
      1343      93.00    0.21117    0.00015 43084.87721          2    0.00014    0.00054
      2525      91.00    0.99991    0.00014 43878.89425          2    0.00014    0.00017
       731      97.00    0.01262    0.00031 20064.20546          1    0.00013    0.00060
       116      98.00    0.01494    0.00014 45516.61356          1    0.00013    0.00060
      1624      91.00    1.00000    0.00021 29717.68202          6    0.00021    0.00021
      2380      92.00    0.01611    0.00035 17736.78609          1    0.00013    0.00060
      2532      91.00    0.80658    0.00060 10558.54714          4    0.00039    0.00060
      1500      91.00    0.01813    0.00017 36114.12062          1    0.00013    0.00060
      2348      91.00    0.01522    0.00055 11444.26642          1    0.00013    0.00060
      3450      94.00    0.01091    0.00025 25387.15410          1    0.00013    0.00060
      3594     100.00    0.01079    0.00037 17211.70396          1    0.00013    0.00060
       367      94.00    0.02356    0.00017 36166.36528          1    0.00013    0.00060
       914      93.00    0.01353    0.00033 18779.34272          1    0.00013    0.00060
       214      98.00    0.99742    0.00013 47641.73416          2    0.00013    0.00013
      1545      90.00    0.02926    0.00041 15260.18617          1    0.00013    0.00060
      2982      92.00    0.02040    0.00018 34188.03419          1    0.00013    0.00060
      2117      91.00    0.17446    0.00018 35778.17531          2    0.00014    0.00055
      2157      91.00    0.99975    0.00019 32992.41175          3    0.00019    0.00019
       185      96.00    0.05007    0.00022 29214.13964          1    0.00013    0.00059
      1926      87.00    0.01818    0.00037 16998.13021          1    0.00013    0.00061
      1853      89.00    0.36356    0.00046 13636.98350          2    0.00015    0.00047
      2419      88.00    0.42184    0.00014 45330.91568          2    0.00014    0.00051
      3414      92.00    0.01331    0.00041 15344.48366          1    0.00013    0.00060
      2512      89.00    0.16897    0.00032 19561.81534          3    0.00014    0.00057
         8      97.00    0.03643    0.00031 20238.81805          1    0.00013    0.00060
      1266      97.00    1.00000    0.00058 10821.33968         10    0.00058    0.00058
      3552      95.00    0.01075    0.00015 41718.81519          1    0.00013    0.00061
      2841      91.00    0.02387    0.00013 47348.48485          1    0.00013    0.00060
      1206      89.00    0.99998    0.00056 11223.34456          4    0.00022    0.00056
      3021      91.00    0.17339    0.00015 42229.72973          2    0.00014    0.00055
       308      91.00    0.48730    0.00016 38910.50584          3    0.00014    0.00040
      2597      88.00    0.02313    0.00014 45745.65416          1    0.00013    0.00060
      2819      88.00    0.02521    0.00037 17041.58146          1    0.00013    0.00060
      3606      97.00    0.40823    0.00014 45289.85507          2    0.00013    0.00045
      1219      89.00    0.08084    0.00049 12790.99514          1    0.00014    0.00058
      1221      89.00    0.08084    0.00049 12790.99514          1    0.00014    0.00058
      2888      93.00    0.06015    0.00022 29078.22041          1    0.00013    0.00059
       210      99.00    0.23141    0.00028 22331.39795          2    0.00013    0.00053
      3612      97.00    0.08661    0.00021 29342.72300          1    0.00013    0.00058
      1827      93.00    0.03144    0.00014 45433.89368          1    0.00013    0.00060
      3120      89.00    0.99653    0.00045 13815.97126          2    0.00023    0.00046
       541      89.00    0.03359    0.00032 19349.84520          1    0.00013    0.00061
      2351      88.00    0.01881    0.00016 39292.73084          1    0.00013    0.00061
       209      93.00    0.04211    0.00035 17749.37877          1    0.00013    0.00059
      1109      89.00    0.01641    0.00019 32383.41969          1    0.00013    0.00060
      2284      89.00    0.01672    0.00040 15691.19724          1    0.00013    0.00060
       276      91.00    0.02848    0.00038 16507.09805          1    0.00013    0.00060
      3412      98.00    0.00989    0.00037 16894.74573          1    0.00013    0.00060
      2163      90.00    0.01672    0.00016 38610.03861          1    0.00013    0.00060
      2177      87.00    0.02568    0.00048 13227.51323          1    0.00013    0.00060
      2199      89.00    1.00000    0.00015 43084.87721          3    0.00015    0.00015
      3283      94.00    0.02191    0.00026 24201.35528          1    0.00013    0.00060
      3489      91.00    0.02299    0.00015 42105.26316          1    0.00013    0.00060
       694      89.00    0.01299    0.00024 26184.86515          1    0.00013    0.00060
      1133      88.00    0.97016    0.00038 16700.06680          3    0.00035    0.00038
      2727      87.00    0.04363    0.00015 43029.25990          1    0.00013    0.00060
      1287      87.00    0.04106    0.00029 21317.41633          1    0.00013    0.00061
      3590      92.00    0.05858    0.00014 44150.11038          1    0.00013    0.00059
       956      87.00    0.02565    0.00037 17064.84642          1    0.00013    0.00060
      3441      94.00    0.01524    0.00016 38971.16134          1    0.00013    0.00060
      2430      88.00    0.02288    0.00018 34843.20557          1    0.00013    0.00060
       110      92.00    0.01364    0.00017 36101.08303          1    0.00013    0.00061
      1892      86.00    0.11179    0.00029 21992.52254          2    0.00013    0.00058
       364      94.00    0.24425    0.00018 35026.26970          2    0.00015    0.00052
       757      89.00    0.01874    0.00023 27427.31761          1    0.00013    0.00060
      2791      87.00    0.02912    0.00037 16900.45631          1    0.00013    0.00060
      2422      88.00    0.04424    0.00051 12350.25318          1    0.00013    0.00060
       258      91.00    0.79341    0.00038 16444.66371          4    0.00018    0.00042
      2601      87.00    0.03008    0.00024 26232.94858          1    0.00013    0.00060
      2956      94.00    0.03180    0.00057 11025.35832          1    0.00013    0.00060
      2209      88.00    0.02279    0.00041 15328.01962          1    0.00013    0.00061
      2238      88.00    0.99999    0.00013 47984.64491          4    0.00013    0.00014
      3110      89.00    0.03455    0.00021 30413.62530          1    0.00013    0.00060
      3014      92.00    0.02391    0.00014 44662.79589          1    0.00013    0.00060
      2233      88.00    0.05616    0.00013 48449.61240          1    0.00013    0.00060
      3009      88.00    0.02409    0.00027 23036.16678          1    0.00013    0.00060
       225      94.00    0.01363    0.00027 23201.85615          1    0.00013    0.00061
        26      94.00    0.19660    0.00028 22758.30678          2    0.00014    0.00055
      3255      90.00    0.02430    0.00043 14607.06982          1    0.00013    0.00060
       196      96.00    0.01809    0.00037 17076.50273          1    0.00013    0.00060
      2072      88.00    0.01810    0.00050 12481.27808          1    0.00013    0.00060
      2366      89.00    0.02709    0.00039 16046.21309          1    0.00013    0.00060
         9      96.00    0.02336    0.00021 30066.14552          1    0.00013    0.00060
      2262      89.00    0.02307    0.00025 25445.29262          1    0.00013    0.00060
      3085      90.00    0.04394    0.00034 18597.73108          1    0.00013    0.00060
       924      93.00    0.02507    0.00015 43066.32214          1    0.00013    0.00060
      3069      93.00    0.01622    0.00022 28506.27138          1    0.00013    0.00060
      2826      90.00    0.03072    0.00017 38008.36184          1    0.00013    0.00060
       137      93.00    0.02876    0.00013 48473.09743          1    0.00013    0.00060
      2361      88.00    0.03062    0.00043 14553.92228          1    0.00013    0.00060
      2639      89.00    0.02014    0.00013 47961.63070          1    0.00013    0.00060
      3190      88.00    0.03618    0.00015 42973.78599          1    0.00013    0.00060
       963      89.00    0.02567    0.00023 27270.24816          1    0.00013    0.00060
      3075      90.00    0.07010    0.00013 49407.11462          1    0.00013    0.00059
      2603      93.00    0.05938    0.00016 39840.63745          1    0.00013    0.00059
      3432      91.00    0.01500    0.00059 10728.46261          1    0.00013    0.00060
       878      89.00    0.02644    0.00024 25759.91757          1    0.00013    0.00061
      3178      96.00    0.01856    0.00013 49627.79156          1    0.00013    0.00060
      3357      92.00    0.02574    0.00040 15681.35487          1    0.00013    0.00061
      3395      91.00    0.02856    0.00018 34364.26117          1    0.00013    0.00060
      3295      92.00    0.01526    0.00014 45850.52728          1    0.00013    0.00060
       784      94.00    0.04170    0.00017 36297.64065          1    0.00013    0.00059
      2162      88.00    0.03727    0.00030 21177.46717          1    0.00013    0.00060
      3618      95.00    0.97705    0.00015 43233.89537          2    0.00015    0.00015
      2332      89.00    0.04255    0.00045 13935.34002          1    0.00013    0.00060
       724      90.00    0.05563    0.00015 42229.72973          1    0.00013    0.00059
      3455      92.00    0.22614    0.00023 27404.76843          2    0.00015    0.00054
      3217      95.00    0.01576    0.00043 14570.88737          1    0.00013    0.00060
      1815      92.00    0.01593    0.00044 14128.28483          1    0.00013    0.00061
        33      86.00    0.04238    0.00026 23741.69041          1    0.00013    0.00059
      2469      87.00    0.64394    0.00019 33400.13360          3    0.00019    0.00030
      3155      87.00    0.09327    0.00030 21195.42179          2    0.00014    0.00058
        98      88.00    0.01397    0.00044 14170.32733          1    0.00013    0.00061
      2337      87.00    0.00968    0.00020 31545.74132          1    0.00013    0.00060
      3596      86.00    0.44557    0.00021 29806.25931          2    0.00014    0.00050
      2438      86.00    0.02739    0.00014 46382.18924          1    0.00013    0.00060
      3482      88.00    0.01631    0.00061 10364.84245          1    0.00013    0.00061
       652      83.00    0.89966    0.00013 48875.85533          2    0.00013    0.00013
      2508      82.00    0.14918    0.00062 10055.30417          1    0.00013    0.00063
      1918      82.00    0.04876    0.00033 18807.59827          1    0.00013    0.00060
      2872      82.00    0.02293    0.00043 14615.60947          1    0.00013    0.00060
      2772      83.00    0.02738    0.00027 23169.60148          1    0.00013    0.00060
      3378      84.00    0.02194    0.00016 38880.24883          1    0.00013    0.00060
       875      84.00    0.02921    0.00051 12322.85890          1    0.00013    0.00060
      3610      90.00    0.06062    0.00013 48756.70405          1    0.00013    0.00059
      3501      85.00    0.01558    0.00028 22815.42323          1    0.00013    0.00060
      1677      82.00    0.74983    0.00024 26581.60553          3    0.00016    0.00030
       900      87.00    0.01376    0.00014 43535.04571          1    0.00013    0.00060
      3222      85.00    0.10715    0.00032 19542.70080          1    0.00013    0.00058
      2364      88.00    0.02023    0.00047 13273.16167          1    0.00013    0.00060
      2388      82.00    0.05236    0.00031 20563.43821          1    0.00013    0.00060
      2242      83.00    0.02864    0.00021 29859.65960          1    0.00013    0.00060
      3496      87.00    0.01638    0.00020 31036.62322          1    0.00013    0.00060
      2644      92.00    0.02622    0.00046 13709.89855          1    0.00013    0.00060
      2023      84.00    0.02377    0.00013 47236.65564          1    0.00013    0.00061
      1720      83.00    0.06376    0.00020 31259.76868          1    0.00013    0.00060
      2362      84.00    0.02482    0.00013 49603.17460          1    0.00013    0.00060
      2087      90.00    0.02354    0.00060 10484.37828          1    0.00013    0.00060
      2078      85.00    0.02176    0.00027 23326.33543          1    0.00013    0.00060
      1622      92.00    0.04167    0.00016 40160.64257          1    0.00013    0.00059
      1150      87.00    0.09951    0.00026 23860.65378          1    0.00013    0.00059
      1668      89.00    0.03857    0.00058 10871.92868          1    0.00013    0.00062
      1696      87.00    0.04161    0.00028 22502.25023          1    0.00013    0.00060
      1860      89.00    0.02656    0.00032 19443.90434          1    0.00013    0.00060
        68      92.00    0.02079    0.00043 14690.75951          1    0.00013    0.00060
      3613      93.00    0.01160    0.00030 20699.64811          1    0.00013    0.00060
       223      89.00    0.04431    0.00016 39936.10224          1    0.00013    0.00060
      2692      91.00    0.01403    0.00042 15021.78158          1    0.00013    0.00060
       499      96.00    0.06378    0.00034 18670.64974          1    0.00013    0.00059
      2731      92.00    0.01871    0.00062 10200.95889          1    0.00013    0.00062
      3494      90.00    0.05739    0.00022 29112.08151          1    0.00013    0.00059
      3275      93.00    0.01456    0.00016 39047.24717          1    0.00013    0.00060
        63      92.00    0.01566    0.00025 25348.54246          1    0.00013    0.00060
      2353      89.00    0.01486    0.00018 35893.75449          1    0.00013    0.00061
      2211      88.00    0.04836    0.00015 42444.82173          1    0.00013    0.00060
       747      88.00    0.03601    0.00051 12433.17170          1    0.00013    0.00060
       662      93.00    0.01713    0.00037 17196.90456          1    0.00013    0.00061
      2540      88.00    0.03911    0.00014 46125.46125          1    0.00013    0.00060
      3089      88.00    0.51402    0.00015 43290.04329          2    0.00014    0.00044
      3567      91.00    0.02784    0.00028 22675.73696          1    0.00013    0.00060
      3176      92.00    0.02066    0.00018 35650.62389          1    0.00013    0.00060
      1458      88.00    0.03474    0.00019 33613.44538          1    0.00013    0.00060
      2679      89.00    0.02066    0.00022 28280.54299          1    0.00013    0.00060
      3233      90.00    0.02625    0.00017 37160.90673          1    0.00013    0.00060
      2581      88.00    0.07908    0.00039 15951.50742          1    0.00013    0.00061
      2368      94.00    0.01312    0.00013 47281.32388          1    0.00013    0.00061
      2632      89.00    0.04288    0.00026 24402.14739          1    0.00013    0.00060
      2386      89.00    0.01460    0.00024 25866.52871          1    0.00013    0.00060
       749      90.00    0.02480    0.00013 49188.39154          1    0.00013    0.00061
      2188      91.00    0.99969    0.00014 43610.98997          3    0.00014    0.00014
      3031      84.00    0.05660    0.00017 36995.93045          1    0.00013    0.00060
      1711      87.00    0.06085    0.00028 22522.52252          1    0.00013    0.00059
      3038     103.00    0.01896    0.00029 21570.31924          1    0.00013    0.00060
      2119      86.00    0.03686    0.00028 22153.30084          1    0.00013    0.00060
      3364      87.00    0.01715    0.00014 45248.86878          1    0.00013    0.00060
       335      90.00    0.01299    0.00015 41562.75977          1    0.00013    0.00060
      2439      88.00    0.03810    0.00015 43103.44828          1    0.00013    0.00060
       485      86.00    0.06380    0.00015 40683.48251          1    0.00013    0.00060
      2920      89.00    0.02380    0.00017 36643.45914          1    0.00013    0.00061
      3064      91.00    0.05398    0.00013 47415.83689          1    0.00013    0.00059
       841      89.00    0.01643    0.00037 16920.47377          1    0.00013    0.00060
      2964      88.00    0.02015    0.00030 20614.30633          1    0.00013    0.00061
      1262      85.00    0.05425    0.00059 10625.86335          1    0.00013    0.00060
      2040      86.00    0.09311    0.00045 14098.40688          1    0.00014    0.00058
      2308      87.00    0.01499    0.00038 16672.22407          1    0.00013    0.00060
       715      86.00    0.08537    0.00014 44228.21760          1    0.00014    0.00059
       755      86.00    0.03531    0.00016 38255.54705          1    0.00013    0.00060
       771      86.00    0.03372    0.00013 48685.49172          1    0.00013    0.00060
      3140      88.00    0.01835    0.00063 10051.26143          1    0.00013    0.00063
      3608      92.00    0.01824    0.00035 17885.88803          1    0.00013    0.00060
      3380      96.00    0.05541    0.00031 20408.16327          1    0.00013    0.00059
      3365      89.00    0.01446    0.00016 40096.23095          1    0.00013    0.00060
      2175      86.00    0.07406    0.00013 49652.43297          1    0.00013    0.00059
      2155      86.00    0.02927    0.00025 24968.78901          1    0.00013    0.00060
      3362      88.00    0.02641    0.00047 13335.11135          1    0.00013    0.00060
      2010      89.00    0.02772    0.00051 12376.23762          1    0.00013    0.00060
      2975      88.00    0.03994    0.00058 10889.68747          1    0.00013    0.00060
       126      91.00    0.01735    0.00032 19569.47162          1    0.00013    0.00060
      1634      87.00    0.28251    0.00015 41999.16002          2    0.00013    0.00058
       216      84.00    0.11075    0.00015 42052.14466          3    0.00014    0.00058
       279      88.00    0.01472    0.00056 11195.70085          1    0.00013    0.00060
      2681      84.00    0.02141    0.00015 41034.05827          1    0.00013    0.00060
       503      84.00    0.01681    0.00013 47505.93824          1    0.00013    0.00060
      2180      83.00    0.17766    0.00013 49603.17460          2    0.00013    0.00056
      2579      84.00    0.03041    0.00019 33534.54058          1    0.00013    0.00060
       819      84.00    0.02614    0.00021 29265.43752          1    0.00013    0.00060
       200      87.00    0.05756    0.00018 35663.33809          1    0.00013    0.00059
      1084      84.00    0.72516    0.00033 19249.27815          3    0.00017    0.00033
      2987      85.00    0.01843    0.00026 24295.43246          1    0.00013    0.00061
      3291      85.00    0.02076    0.00016 40032.02562          1    0.00013    0.00061
      3440      91.00    0.01172    0.00013 49825.61036          1    0.00013    0.00060
       582      83.00    0.01776    0.00018 34211.42662          1    0.00013    0.00061
      2302      83.00    0.05501    0.00039 16108.24742          1    0.00013    0.00060
      3520      90.00    0.02293    0.00015 43084.87721          1    0.00013    0.00060
      1498      83.00    0.04141    0.00030 20828.99396          1    0.00013    0.00061
      3423      87.00    0.01679    0.00044 14392.63097          1    0.00013    0.00060
      2376      83.00    0.03592    0.00023 26968.71629          1    0.00013    0.00061
      1041      85.00    0.01639    0.00061 10263.77912          1    0.00013    0.00061
       912      84.00    0.02242    0.00041 15458.33977          1    0.00013    0.00060
      2672      84.00    0.89615    0.00049 12950.01295          4    0.00016    0.00049
      2319      84.00    0.02921    0.00036 17448.96179          1    0.00013    0.00060
       134      89.00    0.01105    0.00052 12147.71623          1    0.00013    0.00060
      2860      84.00    0.02665    0.00040 15576.32399          1    0.00013    0.00060
      2404      84.00    0.16895    0.00033 18889.30865          1    0.00014    0.00057
      1263      87.00    0.01753    0.00027 23452.15760          1    0.00013    0.00060
      2344      87.00    1.00000    0.00013 48192.77108          3    0.00013    0.00013
      2381      83.00    0.09234    0.00048 13180.44023          1    0.00013    0.00061
      2658      87.00    0.03002    0.00017 36416.60597          1    0.00013    0.00061
      2729      85.00    0.05331    0.00026 24301.33657          1    0.00013    0.00060
       301      86.00    0.06575    0.00017 37864.44529          1    0.00013    0.00059
       619      83.00    0.02656    0.00015 41493.77593          1    0.00013    0.00061
      3579      90.00    0.01590    0.00013 49900.19960          1    0.00013    0.00060
      2303      86.00    0.01280    0.00038 16719.61210          1    0.00013    0.00060
       889      83.00    0.04832    0.00020 31123.56054          1    0.00013    0.00060
       208      86.00    0.03623    0.00013 48851.97851          1    0.00013    0.00060
      1912      83.00    0.03624    0.00024 26673.77967          1    0.00013    0.00060
      3551      90.00    0.01958    0.00015 41101.52076          1    0.00013    0.00060
      2545      83.00    0.05466    0.00021 29647.19834          1    0.00013    0.00061
       229      85.00    0.02010    0.00020 31181.78983          1    0.00013    0.00060
      2979      83.00    0.02741    0.00056 11199.46243          1    0.00013    0.00060
      3617      88.00    0.71698    0.00030 20751.19319          2    0.00028    0.00030
      3324      84.00    0.17892    0.00034 18716.07711          3    0.00014    0.00056
      2266      84.00    0.02105    0.00015 41823.50481          1    0.00013    0.00061
      2240      85.00    0.02717    0.00013 49019.60784          1    0.00013    0.00060
      2208      86.00    0.03103    0.00018 35893.75449          1    0.00013    0.00060
      3028      84.00    0.04811    0.00046 13749.48439          1    0.00013    0.00059
      2033      87.00    0.38544    0.00022 28901.73410          2    0.00017    0.00050
       721      83.00    0.04026    0.00027 23479.69007          1    0.00013    0.00061
      2110      84.00    0.02055    0.00043 14647.72228          1    0.00013    0.00060
      2184      83.00    0.07393    0.00018 35211.26761          1    0.00013    0.00059
        17      86.00    0.03156    0.00049 12928.24822          1    0.00013    0.00060
       380      85.00    0.03361    0.00030 20601.56572          1    0.00013    0.00060
      1741      83.00    0.11009    0.00026 24044.24140          3    0.00014    0.00058
       526      84.00    0.02713    0.00043 14558.15985          1    0.00013    0.00060
       680     107.00    0.10317    0.00033 19230.76923          1    0.00014    0.00058
      2082      85.00    0.03554    0.00041 15183.72305          1    0.00013    0.00060
      1127      84.00    0.04663    0.00059 10640.56182          1    0.00013    0.00060
      2292      86.00    0.01742    0.00017 35932.44700          1    0.00013    0.00060
      2331      84.00    0.02948    0.00026 24521.82442          1    0.00013    0.00060
      3208      84.00    0.98797    0.00013 47058.82353          3    0.00013    0.00014
      1626      81.00    0.10458    0.00039 16199.57881          1    0.00013    0.00059
       973      84.00    0.97562    0.00016 40192.92605          4    0.00014    0.00021
      2649      83.00    0.02782    0.00049 12891.58180          1    0.00013    0.00060
      3162      83.00    0.02304    0.00042 15105.74018          1    0.00013    0.00060
      2510      82.00    0.12041    0.00058 10868.38387          3    0.00013    0.00060
      1662      84.00    0.03594    0.00023 27578.59901          1    0.00013    0.00060
      2243      84.00    0.03166    0.00049 12944.98382          1    0.00013    0.00060
      1975      82.00    0.33175    0.00031 20403.99918          3    0.00015    0.00054
      3325      89.00    0.02378    0.00044 14380.21283          1    0.00013    0.00060
      1898      82.00    0.03912    0.00034 18284.87841          1    0.00013    0.00061
      3160      91.00    0.99993    0.00018 34614.05331          3    0.00018    0.00018
      2189      82.00    0.03959    0.00030 21030.49422          1    0.00013    0.00060
       378      85.00    0.02067    0.00021 30303.03030          1    0.00013    0.00060
      2065      81.00    0.09405    0.00027 23397.28591          1    0.00013    0.00058
      3282      91.00    0.02311    0.00046 13795.00621          1    0.00013    0.00060
       711      83.00    0.04131    0.00039 16147.26304          1    0.00013    0.00061
      2583      85.00    0.03449    0.00013 48685.49172          1    0.00013    0.00060
      3249      83.00    0.02288    0.00036 17418.56819          1    0.00013    0.00060
      3485      85.00    0.01733    0.00028 22237.04692          1    0.00013    0.00061
      1010      83.00    0.06545    0.00028 22401.43369          1    0.00013    0.00061
      3553      88.00    0.03409    0.00029 21445.42140          1    0.00013    0.00060
      3358      85.00    0.02752    0.00025 24758.60361          1    0.00013    0.00061
      1841      83.00    0.09714    0.00018 34094.78350          1    0.00013    0.00059
      3067      84.00    0.94700    0.00055 11436.41354          4    0.00055    0.00055
      2202      84.00    0.04703    0.00017 36968.57671          1    0.00013    0.00060
      2379      84.00    0.02136    0.00013 46707.14619          1    0.00013    0.00060
      1297      84.00    0.03140    0.00055 11368.80400          1    0.00013    0.00061
      3015      91.00    0.05027    0.00018 35676.06136          1    0.00013    0.00060
      2372      83.00    0.02539    0.00043 14716.70346          1    0.00013    0.00060
      2007      86.00    0.02031    0.00017 37693.17753          1    0.00013    0.00060
      3562      91.00    0.04473    0.00014 44563.27986          1    0.00013    0.00059
      1321      84.00    0.02833    0.00046 13535.46291          1    0.00013    0.00060
      1531      84.00    0.03110    0.00021 29594.55460          1    0.00013    0.00060
      2097      84.00    0.09929    0.00031 20554.98458          1    0.00013    0.00059
      3166      88.00    0.01519    0.00039 16254.87646          1    0.00013    0.00060
      3523      88.00    0.03708    0.00046 13674.27868          1    0.00013    0.00060
      1210      88.00    0.01578    0.00035 18008.28381          1    0.00013    0.00060
      1031      85.00    0.03751    0.00040 15678.89621          1    0.00013    0.00060
      1464      84.00    0.08382    0.00027 23584.90566          1    0.00013    0.00059
      3388      91.00    0.03212    0.00014 45105.99910          1    0.00013    0.00060
      3248      85.00    0.01631    0.00018 34083.16292          1    0.00013    0.00060
       397      90.00    0.01009    0.00051 12271.44435          1    0.00013    0.00060
      2990      89.00    0.07742    0.00016 38669.76025          1    0.00013    0.00061
      1179      85.00    0.03062    0.00039 16278.69119          1    0.00013    0.00060
        35      88.00    0.06370    0.00056 11238.48056          1    0.00013    0.00060
      2676      88.00    0.13636    0.00047 13280.21248          2    0.00014    0.00058
       673      87.00    0.01458    0.00043 14465.49978          1    0.00013    0.00060
      2198      88.00    0.02046    0.00013 48520.13586          1    0.00013    0.00060
       601      87.00    0.03092    0.00019 33658.70077          1    0.00013    0.00060
       930      88.00    0.01861    0.00059 10617.96560          1    0.00013    0.00061
       456      88.00    0.02985    0.00015 42247.57076          1    0.00013    0.00060
      1381      87.00    0.02341    0.00014 46125.46125          1    0.00013    0.00060
      3525      91.00    0.01612    0.00057 11016.85579          1    0.00013    0.00061
       253      88.00    0.01323    0.00048 13054.83029          1    0.00013    0.00060
       423      86.00    0.02265    0.00035 18211.61901          1    0.00013    0.00060
      2544      87.00    0.01959    0.00038 16650.01665          1    0.00013    0.00060
       375      87.00    0.03020    0.00048 13010.66875          1    0.00013    0.00060
       300      91.00    0.01133    0.00055 11334.01337          1    0.00013    0.00060
      2764      94.00    0.05999    0.00015 41152.26337          1    0.00013    0.00060
      2369      85.00    0.03536    0.00035 17793.59431          1    0.00013    0.00060
      2073      85.00    0.03244    0.00027 23201.85615          1    0.00013    0.00060
      2633      86.00    0.02300    0.00016 40518.63857          1    0.00013    0.00060
      2261      85.00    0.03437    0.00016 39729.83711          1    0.00013    0.00061
      1176      86.00    0.02233    0.00032 19542.70080          1    0.00013    0.00060
      1655      88.00    0.03626    0.00026 24354.60302          1    0.00013    0.00060
      3397      88.00    0.02426    0.00037 17176.22810          1    0.00013    0.00060
      3563      92.00    0.01496    0.00018 34602.07612          1    0.00013    0.00060
       113      88.00    0.04342    0.00020 31220.73057          1    0.00013    0.00060
       287      87.00    0.01788    0.00014 45187.52824          1    0.00013    0.00060
       665      84.00    0.06643    0.00016 39588.28187          1    0.00013    0.00061
      1026      85.00    0.07709    0.00048 13046.31442          1    0.00013    0.00059
      1835      86.00    0.08124    0.00015 41928.72117          1    0.00013    0.00059
      2450      85.00    0.13200    0.00016 38446.75125          1    0.00013    0.00057
      1334      95.00    0.52388    0.00013 48100.04810          2    0.00013    0.00040
      2654      87.00    0.02970    0.00016 40000.00000          1    0.00013    0.00060
      2224      84.00    0.06344    0.00034 18480.87230          1    0.00013    0.00060
      3027      88.00    0.01266    0.00013 49900.19960          1    0.00013    0.00060
       660      86.00    0.94691    0.00029 21748.58634          2    0.00014    0.00029
      2848      86.00    0.02951    0.00014 44622.93619          1    0.00013    0.00060
        16      89.00    0.02642    0.00019 33277.87022          1    0.00013    0.00060
       246      88.00    0.02306    0.00048 13012.36174          1    0.00013    0.00060
      2384      87.00    0.11064    0.00022 29163.02129          1    0.00013    0.00058
      2193      86.00    0.07187    0.00014 44742.72931          1    0.00013    0.00059
      2977     102.00    0.03854    0.00020 32195.75016          1    0.00013    0.00060
       242      88.00    0.04208    0.00020 31806.61578          1    0.00013    0.00060
      1988      86.00    0.05159    0.00022 28074.11567          1    0.00013    0.00060
      1058      87.00    0.17584    0.00017 37425.14970          2    0.00014    0.00056
      3428      94.00    0.02225    0.00013 49603.17460          1    0.00013    0.00060
       797      88.00    0.02514    0.00020 31201.24805          1    0.00013    0.00061
      1307      84.00    0.23570    0.00026 24067.38869          3    0.00014    0.00053
       705      82.00    0.07098    0.00059 10658.70816          1    0.00013    0.00060
       589      82.00    0.03604    0.00027 23020.25783          1    0.00013    0.00060
      2318      82.00    0.02594    0.00014 46425.25534          1    0.00013    0.00060
      2006      84.00    0.01823    0.00016 40128.41091          1    0.00013    0.00060
      3055      82.00    0.05201    0.00025 25529.74215          1    0.00013    0.00060
      2755      84.00    0.02622    0.00047 13495.27665          1    0.00013    0.00061
       257      84.00    0.04873    0.00013 46838.40749          1    0.00013    0.00060
      3437      84.00    0.06911    0.00013 46992.48120          1    0.00013    0.00059
      3475      87.00    0.02980    0.00023 27616.68048          1    0.00013    0.00060
      2741      82.00    0.07309    0.00015 42480.88360          1    0.00013    0.00059
      1785      81.00    0.26972    0.00021 30066.14552          8    0.00015    0.00062
       623      84.00    0.01641    0.00059 10583.13049          1    0.00013    0.00061
      1857      83.00    1.00000    0.00014 43917.43522         10    0.00014    0.00014
      3453      85.00    0.04229    0.00021 29429.07593          1    0.00013    0.00061
      3497      87.00    0.01399    0.00061 10224.94888          1    0.00013    0.00061
       550      86.00    0.02807    0.00013 48473.09743          1    0.00013    0.00060
      2401      83.00    0.02129    0.00058 10767.73985          1    0.00013    0.00060
       567      83.00    0.04120    0.00016 40241.44869          1    0.00013    0.00061
       969      83.00    0.11425    0.00026 24551.92733          2    0.00013    0.00057
      1346      83.00    0.02791    0.00016 38729.66692          1    0.00013    0.00060
        94      87.00    0.02258    0.00023 26932.39968          1    0.00013    0.00060
      1278      82.00    0.03646    0.00060 10520.77854          1    0.00013    0.00060
      2785      82.00    0.04639    0.00033 19175.45542          1    0.00013    0.00060
      1608      85.00    0.01726    0.00044 14228.79909          1    0.00013    0.00060
      3204      87.00    0.03734    0.00016 38299.50211          1    0.00013    0.00060
       898      83.00    0.02744    0.00048 13130.25210          1    0.00013    0.00060
       688      83.00    0.04714    0.00034 18335.16685          1    0.00013    0.00060
      1147      84.00    0.03783    0.00015 42283.29810          1    0.00013    0.00060
      3026      88.00    0.01720    0.00021 29291.15407          1    0.00013    0.00060
      2391      88.00    0.64202    0.00040 15728.21642          2    0.00016    0.00040
      1982      85.00    0.08714    0.00041 15477.48027          1    0.00013    0.00059
      3203      87.00    0.13459    0.00016 39745.62798          2    0.00013    0.00058
      1021      87.00    0.02082    0.00014 45558.08656          1    0.00013    0.00060
      2538      81.00    0.02883    0.00052 12100.67764          1    0.00013    0.00061
      2354      81.00    0.01949    0.00025 24795.43764          1    0.00013    0.00060
      2621      78.00    0.04982    0.00018 34626.03878          1    0.00013    0.00059
      1607      78.00    0.06288    0.00018 35063.11360          1    0.00013    0.00060
      1714      78.00    0.04937    0.00032 19459.03872          1    0.00013    0.00060
      1705      78.00    0.11692    0.00014 44150.11038          1    0.00013    0.00059
      3514      84.00    0.06788    0.00014 44503.78282          1    0.00013    0.00059
      3377      79.00    0.02804    0.00014 46296.29630          1    0.00013    0.00060
      1773      78.00    0.05888    0.00013 48875.85533          1    0.00013    0.00059
      3129      81.00    0.01381    0.00045 13956.73412          1    0.00013    0.00061
      1146      78.00    0.02790    0.00022 28490.02849          1    0.00013    0.00060
      2923      79.00    0.07568    0.00026 24594.19577          1    0.00013    0.00059
      1895      80.00    0.01730    0.00016 39968.02558          1    0.00013    0.00060
      3436      81.00    0.02240    0.00015 42863.26618          1    0.00013    0.00060
      2172     153.00    0.02600    0.00016 40064.10256          1    0.00013    0.00060
      1617     163.00    0.04819    0.00023 27307.48225          1    0.00013    0.00060
      1217     164.00    0.05023    0.00056 11179.42985          1    0.00013    0.00060
      2027     163.00    0.06867    0.00025 25342.11860          1    0.00013    0.00059
      2080     162.00    0.06320    0.00062 10175.01018          1    0.00013    0.00062
       365     163.00    0.02292    0.00015 42571.30694          1    0.00013    0.00060
      3593     172.00    0.02368    0.00025 25075.22568          1    0.00013    0.00060
      2420     167.00    0.03731    0.00025 25094.10289          1    0.00013    0.00060
      2263     162.00    0.03441    0.00051 12402.33164          1    0.00013    0.00060
       399     164.00    0.03066    0.00062 10101.01010          1    0.00013    0.00062
      1517     163.00    0.03082    0.00054 11622.50116          1    0.00013    0.00060
       740     166.00    0.04123    0.00015 41220.11542          1    0.00013    0.00060
      3403     168.00    0.02627    0.00019 32829.94091          1    0.00013    0.00060
      2939     165.00    0.05953    0.00016 38461.53846          1    0.00013    0.00060
      1036     165.00    0.04347    0.00046 13657.47064          1    0.00013    0.00060
      1909     166.00    0.02476    0.00032 19857.02939          1    0.00013    0.00060
      1269     164.00    0.04609    0.00013 49261.08374          1    0.00013    0.00060
       642     165.00    0.05784    0.00015 42517.00680          1    0.00013    0.00060
       913     165.00    0.03399    0.00061 10293.36078          1    0.00013    0.00061
      2591     165.00    0.05575    0.00036 17442.87459          1    0.00013    0.00060
       653     166.00    0.02293    0.00027 22888.53285          1    0.00013    0.00060
      1264     163.00    0.07543    0.00013 48828.12500          1    0.00013    0.00059
      3312     179.00    0.22347    0.00051 12374.70610          2    0.00015    0.00053
      1644     169.00    0.02308    0.00041 15491.86677          1    0.00013    0.00060
      1806     164.00    0.03882    0.00013 49188.39154          1    0.00013    0.00060
      2076     165.00    0.04188    0.00013 48146.36495          1    0.00013    0.00060
      2911     170.00    0.02483    0.00026 24588.14851          1    0.00013    0.00060
        44     173.00    0.01386    0.00045 13856.17293          1    0.00013    0.00060
       862     167.00    0.01771    0.00035 18018.01802          1    0.00013    0.00060
      2954     167.00    0.03802    0.00026 24061.59769          1    0.00013    0.00060
      2616     171.00    0.13716    0.00049 12936.61061          2    0.00014    0.00057
      3269      82.00    0.03577    0.00042 15012.76085          1    0.00013    0.00060
      2424      81.00    0.02894    0.00028 22742.77917          1    0.00013    0.00060
      3603      86.00    0.01040    0.00014 45045.04505          1    0.00013    0.00060
      3168      85.00    0.01654    0.00018 35038.54240          1    0.00013    0.00060
       792      81.00    0.03854    0.00031 20116.67673          1    0.00013    0.00060
      2801      83.00    0.02274    0.00060 10397.17197          1    0.00013    0.00060
      1904      81.00    0.04003    0.00057 10948.10598          1    0.00013    0.00060
      2889      81.00    0.09584    0.00051 12281.99460          1    0.00014    0.00060
      1686      81.00    0.05766    0.00031 20500.20500          1    0.00013    0.00061
       483      81.00    0.02352    0.00051 12403.87001          1    0.00013    0.00060
      1194      87.00    0.29653    0.00014 43936.73111          3    0.00013    0.00053
       307      96.00    1.00000    0.00013 47938.63854          7    0.00013    0.00013
       951      80.00    0.02517    0.00020 31377.47098          1    0.00013    0.00060
      3598      85.00    0.01529    0.00017 36643.45914          1    0.00013    0.00060
      2342      80.00    0.04258    0.00030 21092.59650          1    0.00013    0.00060
       994      79.00    0.29492    0.00030 20955.57418          3    0.00015    0.00054
      2174      79.00    0.10489    0.00052 11973.18008          1    0.00013    0.00060
      1158      79.00    0.11042    0.00049 12911.55584          1    0.00013    0.00058
      3513      83.00    0.02945    0.00026 24073.18247          1    0.00013    0.00060
      2286      79.00    0.04062    0.00025 25006.25156          1    0.00013    0.00061
      2689      79.00    0.03359    0.00037 16889.03901          1    0.00013    0.00060
       561      79.00    0.03235    0.00013 47984.64491          1    0.00013    0.00060
      3309      83.00    0.05275    0.00018 34387.89546          1    0.00013    0.00059
      1329      79.00    0.05811    0.00032 19630.93836          1    0.00013    0.00060
      3135      81.00    0.05200    0.00032 19342.35977          1    0.00013    0.00059
      1342      96.00    0.22069    0.00020 30721.96621          8    0.00014    0.00057
      2392      80.00    0.05463    0.00022 28743.89192          1    0.00013    0.00060
       733      81.00    0.02288    0.00051 12394.64551          1    0.00013    0.00060
      1614      79.00    0.04258    0.00013 47687.17215          1    0.00013    0.00060
       534      83.00    0.98627    0.00018 35523.97869          6    0.00017    0.00038
      2916      79.00    0.29909    0.00022 28352.70768          3    0.00013    0.00052
       779      80.00    0.01885    0.00041 15386.98261          1    0.00013    0.00061
       970      79.00    0.06791    0.00031 20329.33523          1    0.00013    0.00059
       883      86.00    0.08049    0.00055 11433.79831          1    0.00013    0.00059
      2147      80.00    0.04767    0.00037 17096.93965          1    0.00013    0.00060
      2341      81.00    0.16365    0.00018 35765.37911          2    0.00013    0.00059
       408      81.00    0.03308    0.00015 41442.18815          1    0.00013    0.00060
      1358      83.00    0.02196    0.00019 32819.16639          1    0.00013    0.00060
      2407      81.00    0.05683    0.00034 18674.13632          1    0.00013    0.00060
      1441      81.00    0.04041    0.00040 15561.78027          1    0.00013    0.00060
      2618      80.00    0.06652    0.00024 26497.08532          1    0.00013    0.00061
