      3064      32.00       0.02    0.00219 2875.39936          3    0.00188    0.01865
       841      31.00       0.02    0.00993  633.00042          3    0.00184    0.01887
      2964      30.00       0.02    0.00216 2908.85585          3    0.00193    0.02065
      1262      29.00       0.05    0.00433 1451.84707          3    0.00200    0.01891
      2040      29.00       0.04    0.00601 1046.26831          3    0.00200    0.01844
      2308      30.00       0.02    0.01351  465.16436          3    0.00183    0.01963
       715      29.00       0.03    0.00218 2883.69112          3    0.00182    0.01912
       755      29.00       0.02    0.00273 2300.02556          3    0.00181    0.01954
       771      29.00       0.03    0.00570 1102.80603          3    0.00194    0.01902
      3140      30.00       0.03    0.01663  377.81789          3    0.00206    0.01771
      3608      32.00       0.01    0.00193 3259.68852          3    0.00193    0.01910
      3380      34.00       0.01    0.00385 1631.91296          3    0.00187    0.02093
      3365      31.00       0.02    0.00341 1842.37462          3    0.00191    0.01928
      2175      29.00       0.03    0.01847  340.16177          3    0.00178    0.01975
      2155      30.00       0.03    0.00960  654.54545          3    0.00195    0.01958
      3362      30.00       0.02    0.01496  420.03080          3    0.00187    0.01967
      2010      31.00       0.02    0.00266 2365.30880          3    0.00195    0.01951
      2975      30.00       0.02    0.00881  713.37984          3    0.00191    0.01948
       126      31.00       0.01    0.00283 2223.32016          3    0.00189    0.01947
      1634      29.00       0.03    0.01981  317.18062          3    0.00192    0.01983
       216      31.00       0.03    0.01977  317.78539          3    0.00195    0.01978
       279      32.00       0.02    0.00760  826.59809          3    0.00193    0.01877
      2681      30.00       0.02    0.00352 1783.23757          3    0.00183    0.01927
       503      30.00       0.03    0.00396 1587.86168          3    0.00190    0.01924
      2180      33.00       0.02    0.00262 2399.36017          3    0.00186    0.01932
      2579      31.00       0.03    0.01064  590.39622          3    0.00198    0.02014
       819      31.00       0.03    0.00730  860.74981          3    0.00184    0.02065
       200      32.00       0.02    0.00583 1077.84431          3    0.00187    0.01924
      1084      30.00       0.02    0.01364  460.66438          3    0.00188    0.01968
      2987      31.00       0.02    0.00624 1007.27476          3    0.00193    0.01939
