      1248      92.00    0.04427 0.0003473345 18089.72504          1 0.0001308787 0.0006158778
      1343      93.00    0.21117 0.0001458327 43084.87721          2 0.0001418115 0.0005369610
      2525      91.00    0.99991 0.0001431938 43878.89425          2 0.0001431310 0.0001699602
       731      97.00    0.01262 0.0003131540 20064.20546          1 0.0001312557 0.0006012380
       116      98.00    0.01494 0.0001380416 45516.61356          1 0.0001308787 0.0006015522
      1624      91.00    1.00000 0.0002114292 29717.68202          6 0.0002114920 0.0002114920
      2380      92.00    0.01611 0.0003542460 17736.78609          1 0.0001315071 0.0006020548
      2532      91.00    0.80658 0.0005950805 10558.54714          4 0.0003940186 0.0005953318
      1500      91.00    0.01813 0.0001739814 36114.12062          1 0.0001308787 0.0006013637
      2348      91.00    0.01522 0.0005490247 11444.26642          1 0.0001305646 0.0006015522
      3450      94.00    0.01091 0.0002474947 25387.15410          1 0.0001311301 0.0006026203
      3594     100.00    0.01079 0.0003650531 17211.70396          1 0.0001311301 0.0006016150
       367      94.00    0.02356 0.0001737301 36166.36528          1 0.0001318212 0.0005991017
       914      93.00    0.01353 0.0003345796 18779.34272          1 0.0001313186 0.0006015522
       214      98.00    0.99742 0.0001318841 47641.73416          2 0.0001319469 0.0001319469
      1545      90.00    0.02926 0.0004117371 15260.18617          1 0.0001318212 0.0005974053
      2982      92.00    0.02040 0.0001837832 34188.03419          1 0.0001301876 0.0006010495
      2117      91.00    0.17446 0.0001756150 35778.17531          2 0.0001364708 0.0005526061
      2157      91.00    0.99975 0.0001904433 32992.41175          3 0.0001905062 0.0001905062
       185      96.00    0.05007 0.0002150734 29214.13964          1 0.0001328894 0.0005922530
