       196      96.00    0.01809 0.0003679433 17076.50273          1 0.0001315071 0.0006002327
      2072      88.00    0.01810 0.0005034088 12481.27808          1 0.0001312557 0.0006018663
      2366      89.00    0.02709 0.0003915681 16046.21309          1 0.0001317584 0.0006004840
         9      96.00    0.02336 0.0002089787 30066.14552          1 0.0001313814 0.0005989761
      2262      89.00    0.02307 0.0002469292 25445.29262          1 0.0001305646 0.0006006097
      3085      90.00    0.04394 0.0003378469 18597.73108          1 0.0001328894 0.0006004212
       924      93.00    0.02507 0.0001458956 43066.32214          1 0.0001316327 0.0005992274
      3069      93.00    0.01622 0.0002204141 28506.27138          1 0.0001305646 0.0006018035
      2826      90.00    0.03072 0.0001653106 38008.36184          1 0.0001315071 0.0005982849
       137      93.00    0.02876 0.0001296221 48473.09743          1 0.0001296849 0.0005978451
      2361      88.00    0.03062 0.0004317177 14553.92228          1 0.0001320726 0.0006023690
      2639      89.00    0.02014 0.0001310044 47961.63070          1 0.0001290566 0.0006043168
      3190      88.00    0.03618 0.0001462097 42973.78599          1 0.0001320726 0.0006021805
       963      89.00    0.02567 0.0002304044 27270.24816          1 0.0001310672 0.0006008610
      3075      90.00    0.07010 0.0001271717 49407.11462          1 0.0001272345 0.0005941380
      2603      93.00    0.05938 0.0001577080 39840.63745          1 0.0001330150 0.0005884831
      3432      91.00    0.01500 0.0005856557 10728.46261          1 0.0001310044 0.0006041283
       878      89.00    0.02644 0.0002439133 25759.91757          1 0.0001315699 0.0006102230
      3178      96.00    0.01856 0.0001266062 49627.79156          1 0.0001271717 0.0006025575
      3357      92.00    0.02574 0.0004006787 15681.35487          1 0.0001300619 0.0006075212
      3395      91.00    0.02856 0.0001828407 34364.26117          1 0.0001320726 0.0006021176
      3295      92.00    0.01526 0.0001370363 45850.52728          1 0.0001302504 0.0006020548
       784      94.00    0.04170 0.0001731018 36297.64065          1 0.0001288053 0.0005936982
      2162      88.00    0.03727 0.0002966920 21177.46717          1 0.0001320097 0.0006001699
      3618      95.00    0.97705 0.0001453301 43233.89537          2 0.0001453929 0.0001453929
      2332      89.00    0.04255 0.0004508814 13935.34002          1 0.0001321354 0.0005994159
       724      90.00    0.05563 0.0001487858 42229.72973          1 0.0001335177 0.0005945150
      3455      92.00    0.22614 0.0002292734 27404.76843          2 0.0001477805 0.0005438725
      3217      95.00    0.01576 0.0004312150 14570.88737          1 0.0001315699 0.0006033743
      1815      92.00    0.01593 0.0004447239 14128.28483          1 0.0001312557 0.0006058876
