      1926      87.00    0.01818 0.0003696398 16998.13021          1 0.0001312557 0.0006108513
      1853      89.00    0.36356 0.0004607460 13636.98350          2 0.0001543779 0.0004711132
      2419      88.00    0.42184 0.0001386071 45330.91568          2 0.0001365964 0.0005086239
      3414      92.00    0.01331 0.0004094752 15344.48366          1 0.0001311301 0.0006024318
      2512      89.00    0.16897 0.0003211964 19561.81534          3 0.0001364080 0.0005688168
         8      97.00    0.03643 0.0003104522 20238.81805          1 0.0001316956 0.0005952690
      1266      97.00    1.00000 0.0005806292 10821.33968         10 0.0005806920 0.0005806920
      3552      95.00    0.01075 0.0001506080 41718.81519          1 0.0001311929 0.0006054477
      2841      91.00    0.02387 0.0001327009 47348.48485          1 0.0001308159 0.0005987247
      1206      89.00    0.99998 0.0005598318 11223.34456          4 0.0002239956 0.0005598946
      3021      91.00    0.17339 0.0001487858 42229.72973          2 0.0001375389 0.0005530460
       308      91.00    0.48730 0.0001614779 38910.50584          3 0.0001413088 0.0004014327
      2597      88.00    0.02313 0.0001373504 45745.65416          1 0.0001283026 0.0006033115
      2819      88.00    0.02521 0.0003686973 17041.58146          1 0.0001301876 0.0006013637
      3606      97.00    0.40823 0.0001387327 45289.85507          2 0.0001274230 0.0004523265
      1219      89.00    0.08084 0.0004912194 12790.99514          1 0.0001350885 0.0005834566
      1221      89.00    0.08084 0.0004912194 12790.99514          1 0.0001350885 0.0005834566
      2888      93.00    0.06015 0.0002160787 29078.22041          1 0.0001340203 0.0005882946
       210      99.00    0.23141 0.0002813610 22331.39795          2 0.0001337062 0.0005329398
      3612      97.00    0.08661 0.0002141310 29342.72300          1 0.0001325752 0.0005794353
      1827      93.00    0.03144 0.0001382929 45433.89368          1 0.0001310672 0.0005999185
      3120      89.00    0.99653 0.0004547770 13815.97126          2 0.0002274513 0.0004557194
       541      89.00    0.03359 0.0003247150 19349.84520          1 0.0001312557 0.0006123592
      2351      88.00    0.01881 0.0001599071 39292.73084          1 0.0001315699 0.0006054477
       209      93.00    0.04211 0.0003539947 17749.37877          1 0.0001330150 0.0005948292
      1109      89.00    0.01641 0.0001940248 32383.41969          1 0.0001314442 0.0006024946
      2284      89.00    0.01672 0.0004004274 15691.19724          1 0.0001310672 0.0006032486
       276      91.00    0.02848 0.0003806354 16507.09805          1 0.0001289938 0.0005992274
      3412      98.00    0.00989 0.0003719017 16894.74573          1 0.0001312557 0.0006031230
      2163      90.00    0.01672 0.0001627345 38610.03861          1 0.0001311301 0.0006016150
