      2369      85.00    0.03536 0.0003531150 17793.59431          1 0.0001308159 0.0005977194
      2073      85.00    0.03244 0.0002708053 23201.85615          1 0.0001314442 0.0005994787
      2633      86.00    0.02300 0.0001550690 40518.63857          1 0.0001301876 0.0006044424
      2261      85.00    0.03437 0.0001581478 39729.83711          1 0.0001320097 0.0006088407
      1176      86.00    0.02233 0.0003215106 19542.70080          1 0.0001315699 0.0006048194
      1655      88.00    0.03626 0.0002579876 24354.60302          1 0.0001311929 0.0005967141
      3397      88.00    0.02426 0.0003658070 17176.22810          1 0.0001316956 0.0006046938
      3563      92.00    0.01496 0.0001815841 34602.07612          1 0.0001313186 0.0006017407
       113      88.00    0.04342 0.0002012504 31220.73057          1 0.0001309416 0.0005987876
       287      87.00    0.01788 0.0001390469 45187.52824          1 0.0001306903 0.0006013008
       665      84.00    0.06643 0.0001587133 39588.28187          1 0.0001320726 0.0006114168
      1026      85.00    0.07709 0.0004816062 13046.31442          1 0.0001342717 0.0005890486
      1835      86.00    0.08124 0.0001498540 41928.72117          1 0.0001345230 0.0005900539
      2450      85.00    0.13200 0.0001634256 38446.75125          1 0.0001307531 0.0005747230
      1334      95.00    0.52388 0.0001306274 48100.04810          2 0.0001306903 0.0003959663
      2654      87.00    0.02970 0.0001570796 40000.00000          1 0.0001306274 0.0005995415
      2224      84.00    0.06344 0.0003399832 18480.87230          1 0.0001316327 0.0005997929
      3027      88.00    0.01266 0.0001259150 49900.19960          1 0.0001300619 0.0006031858
       660      86.00    0.94691 0.0002889009 21748.58634          2 0.0001445133 0.0002889637
      2848      86.00    0.02951 0.0001408062 44622.93619          1 0.0001306274 0.0006002327
        16      89.00    0.02642 0.0001888097 33277.87022          1 0.0001316956 0.0005992902
       246      88.00    0.02306 0.0004828628 13012.36174          1 0.0001314442 0.0006000442
      2384      87.00    0.11064 0.0002154504 29163.02129          1 0.0001323867 0.0005818858
      2193      86.00    0.07187 0.0001404292 44742.72931          1 0.0001333920 0.0005927557
      2977     102.00    0.03854 0.0001951557 32195.75016          1 0.0001321982 0.0005999185
       242      88.00    0.04208 0.0001975433 31806.61578          1 0.0001298734 0.0005955203
      1988      86.00    0.05159 0.0002238071 28074.11567          1 0.0001322611 0.0005952061
      1058      87.00    0.17584 0.0001678867 37425.14970          2 0.0001423141 0.0005621566
      3428      94.00    0.02225 0.0001266690 49603.17460          1 0.0001267947 0.0005996044
       797      88.00    0.02514 0.0002013761 31201.24805          1 0.0001315699 0.0006073955
