      2741      29.00       0.03    0.00268 2343.13981          3    0.00185    0.01971
      1785      28.00       0.07    0.00345 1822.23122          3    0.00190    0.01910
       623      29.00       0.02    0.01539  408.20029          3    0.00190    0.02053
      1857      30.00       0.96    0.00893  703.34480          3    0.00892    0.00895
      3453      30.00       0.03    0.00567 1107.69231          3    0.00179    0.01826
      3497      31.00       0.02    0.01419  442.91339          3    0.00176    0.01909
       550      31.00       0.01    0.00809  777.13496          3    0.00189    0.01951
      2401      29.00       0.10    0.00888  707.32474          3    0.00204    0.02085
       567      29.00       0.03    0.02021  310.87009          3    0.00197    0.02066
       969      29.00       0.04    0.00418 1504.26208          3    0.00197    0.01944
      1346      29.00       0.02    0.00890  706.32554          3    0.00195    0.02025
        94      30.00       0.02    0.00363 1730.76923          3    0.00192    0.01988
      1278      29.00       0.04    0.00390 1610.88241          3    0.00181    0.01932
      2785      29.00       0.04    0.01347  466.46626          3    0.00194    0.02022
      1608      30.00       0.02    0.00406 1546.12610          3    0.00191    0.01956
      3204      31.00       0.01    0.01155  543.83951          3    0.00193    0.01977
       898      29.00       0.09    0.01159  542.07071          3    0.00238    0.01646
       688      32.00       0.03    0.00202 3117.42293          3    0.00189    0.01983
      1147      30.00       0.03    0.00587 1070.91861          3    0.00200    0.02001
      3026      32.00       0.02    0.00748  839.78725          3    0.00207    0.01828
      2391      30.00       0.19    0.00886  709.33165          3    0.00178    0.01081
      1982      29.00       0.05    0.00378 1661.74298          3    0.00191    0.01997
      3203      30.00       0.03    0.01609  390.50636          3    0.00191    0.01900
      1021      30.00       0.02    0.00507 1239.49869          3    0.00184    0.01888
      2538      30.00       0.05    0.01115  563.45082          3    0.00188    0.01967
      2354      31.00       0.02    0.00815  770.54795          3    0.00182    0.01976
      2621      30.00       0.04    0.00410 1534.26526          3    0.00195    0.01945
      1607      30.00       0.03    0.01060  592.84632          3    0.00195    0.01928
      1714      30.00       0.03    0.00285 2203.72184          3    0.00183    0.01981
      1705      34.00       0.07    0.00408 1541.35982          3    0.00176    0.01969
