       665      28.00       0.20    0.00728  862.97823          3    0.00215    0.01938
      1026      28.00       0.05    0.01866  336.72553          3    0.00185    0.02009
      1835      31.00       0.02    0.00247 2539.50339          3    0.00187    0.01958
      2450      28.00       0.07    0.01816  345.92766          3    0.00202    0.01837
      1334      33.00       0.04    0.00335 1876.95516          4    0.00335    0.00443
      2654      29.00       0.02    0.00213 2951.78747          3    0.00188    0.01953
      2224      28.00       0.07    0.00886  709.33165          3    0.00190    0.01858
      3027      29.00       0.02    0.00617 1018.56043          3    0.00186    0.01976
       660      28.00       0.06    0.00274 2294.74758          3    0.00185    0.01870
      2848      28.00       0.03    0.00996  630.60538          3    0.00193    0.01975
        16      30.00       0.02    0.00898  699.40939          3    0.00186    0.01963
       246      30.00       0.02    0.00656  958.05834          3    0.00190    0.01890
      2384      29.00       0.04    0.00406 1548.52030          3    0.00193    0.02032
      2193      29.00       0.03    0.00185 3403.93343          3    0.00185    0.01972
      2977      35.00       0.03    0.00380 1653.49991          3    0.00188    0.01907
       242      30.00       0.03    0.00492 1277.50177          3    0.00192    0.01890
      1988      29.00       0.02    0.00944  665.87748          3    0.00190    0.01939
      1058      29.00       0.02    0.00555 1132.78792          3    0.00194    0.01948
      3428      32.00       0.01    0.00402 1563.04272          3    0.00197    0.01999
       797      29.00       0.03    0.01458  431.07577          3    0.00190    0.02038
      1307      30.00       0.02    0.00261 2405.13095          3    0.00205    0.01952
       705      29.00       0.03    0.00305 2058.55444          3    0.00188    0.01909
       589      29.00       0.03    0.00275 2284.26396          3    0.00193    0.01922
      2318      29.00       0.03    0.00638  985.43742          3    0.00191    0.01972
      2006      30.00       0.02    0.00276 2279.05799          3    0.00196    0.01968
      3055      29.00       0.04    0.00225 2795.03106          3    0.00187    0.02013
      2755      29.00       0.03    0.00837  750.31263          3    0.00191    0.01942
       257      30.00       0.02    0.01634  384.50036          3    0.00181    0.01956
      3437      30.00       0.02    0.00204 3079.02840          3    0.00190    0.01912
      3475      31.00       0.02    0.00184 3415.55977          3    0.00185    0.02053
