      3312      35.00       0.01    0.00384 1634.58046          3    0.00176    0.01919
      1644      30.00       0.02    0.00667  941.81666          3    0.00192    0.01967
      1806      29.00       0.03    0.00518 1213.91961          3    0.00190    0.02019
      2076      29.00       0.03    0.01437  437.29654          3    0.00193    0.01934
      2911      30.00       0.02    0.00260 2416.75618          3    0.00191    0.01919
        44      31.00       0.02    0.00300 2093.02326          3    0.00178    0.01913
       862      29.00       0.15    0.00456 1377.83221          3    0.00344    0.01198
      2954      29.00       0.02    0.00412 1524.90681          3    0.00190    0.01950
      2616      30.00       0.02    0.00253 2482.75862          3    0.00193    0.01912
      3269      29.00       0.03    0.00969  648.60190          3    0.00196    0.01978
      2424      29.00       0.04    0.00506 1242.57904          3    0.00188    0.01929
      3603      31.00       0.02    0.00290 2165.54379          3    0.00181    0.01924
      3168      31.00       0.01    0.00175 3600.00000          3    0.00178    0.01997
       792      31.00       0.03    0.00295 2133.20692          3    0.00187    0.01945
      2801      29.00       0.02    0.01707  368.08310          3    0.00188    0.01996
      1904      29.00       0.03    0.01500  418.79944          3    0.00190    0.01943
      2889      29.00       0.04    0.00673  933.90059          3    0.00178    0.01935
      1686      29.00       0.04    0.00219 2867.15514          3    0.00176    0.01906
       483      29.00       0.04    0.00185 3392.38598          3    0.00180    0.01888
      1194      29.00       0.09    0.02054  305.83118          4    0.00242    0.02055
       307      33.00       0.01    0.00444 1414.87188          3    0.00180    0.01918
       951      29.00       0.04    0.01493  420.91479          3    0.00195    0.01931
      3598      32.00       0.02    0.00738  851.95002          3    0.00185    0.01948
      2342      29.00       0.03    0.00238 2640.07040          3    0.00195    0.01975
       994      30.00       0.03    0.01574  399.23701          3    0.00203    0.01887
      2174      29.00       0.03    0.00249 2520.30244          3    0.00190    0.01941
      1158      29.00       0.03    0.00792  793.79079          3    0.00183    0.01943
      3513      31.00       0.02    0.01498  419.32628          3    0.00198    0.01897
      2286      29.00       0.05    0.00552 1139.24051          3    0.00176    0.01899
      2689      30.00       0.03    0.00291 2156.20508          3    0.00196    0.01928
