      1307      84.00    0.23570 0.0002610663 24067.38869          3 0.0001448903 0.0005306778
       705      82.00    0.07098 0.0005894884 10658.70816          1 0.0001340832 0.0005994159
       589      82.00    0.03604 0.0002729416 23020.25783          1 0.0001321982 0.0006029973
      2318      82.00    0.02594 0.0001353398 46425.25534          1 0.0001313814 0.0006004840
      2006      84.00    0.01823 0.0001565770 40128.41091          1 0.0001312557 0.0006014893
      3055      82.00    0.05201 0.0002461124 25529.74215          1 0.0001308787 0.0006013008
      2755      84.00    0.02622 0.0004655840 13495.27665          1 0.0001315071 0.0006080238
       257      84.00    0.04873 0.0001341460 46838.40749          1 0.0001327637 0.0005992274
      3437      84.00    0.06911 0.0001337062 46992.48120          1 0.0001313186 0.0005896769
      3475      87.00    0.02980 0.0002275141 27616.68048          1 0.0001323867 0.0005969654
      2741      82.00    0.07309 0.0001479062 42480.88360          1 0.0001295593 0.0005910592
      1785      81.00    0.26972 0.0002089787 30066.14552          8 0.0001458327 0.0006232920
       623      84.00    0.01641 0.0005936982 10583.13049          1 0.0001314442 0.0006061389
      1857      83.00    1.00000 0.0001430681 43917.43522         10 0.0001416858 0.0001431310
      3453      85.00    0.04229 0.0002135026 29429.07593          1 0.0001314442 0.0006063274
      3497      87.00    0.01399 0.0006144955 10224.94888          1 0.0001313814 0.0006123592
       550      86.00    0.02807 0.0001296221 48473.09743          1 0.0001296849 0.0006040654
      2401      83.00    0.02129 0.0005835194 10767.73985          1 0.0001300619 0.0006019920
       567      83.00    0.04120 0.0001561372 40241.44869          1 0.0001325752 0.0006061389
       969      83.00    0.11425 0.0002559141 24551.92733          2 0.0001343345 0.0005746601
      1346      83.00    0.02791 0.0001622318 38729.66692          1 0.0001310672 0.0005996044
        94      87.00    0.02258 0.0002332947 26932.39968          1 0.0001313814 0.0006003584
      1278      82.00    0.03646 0.0005972168 10520.77854          1 0.0001318841 0.0006010495
      2785      82.00    0.04639 0.0003276681 19175.45542          1 0.0001324495 0.0005967141
      1608      85.00    0.01726 0.0004415823 14228.79909          1 0.0001308787 0.0006016150
      3204      87.00    0.03734 0.0001640540 38299.50211          1 0.0001325752 0.0005962115
       898      83.00    0.02744 0.0004785274 13130.25210          1 0.0001313814 0.0005997929
       688      83.00    0.04714 0.0003426849 18335.16685          1 0.0001320097 0.0006048822
      1147      84.00    0.03783 0.0001485973 42283.29810          1 0.0001309416 0.0005983477
      3026      88.00    0.01720 0.0002145079 29291.15407          1 0.0001315071 0.0006013008
