       307      96.00    1.00000 0.0001310672 47938.63854          7 0.0001311301 0.0001311301
       951      80.00    0.02517 0.0002002451 31377.47098          1 0.0001309416 0.0006016778
      3598      85.00    0.01529 0.0001714681 36643.45914          1 0.0001314442 0.0006008610
      2342      80.00    0.04258 0.0002978858 21092.59650          1 0.0001326380 0.0005981592
       994      79.00    0.29492 0.0002998336 20955.57418          3 0.0001453929 0.0005404796
      2174      79.00    0.10489 0.0005247716 11973.18008          1 0.0001329522 0.0005989761
      1158      79.00    0.11042 0.0004866327 12911.55584          1 0.0001341460 0.0005815716
      3513      83.00    0.02945 0.0002610035 24073.18247          1 0.0001305646 0.0005979079
      2286      79.00    0.04062 0.0002512646 25006.25156          1 0.0001319469 0.0006120451
      2689      79.00    0.03359 0.0003720274 16889.03901          1 0.0001321354 0.0006024946
       561      79.00    0.03235 0.0001309416 47984.64491          1 0.0001310044 0.0006015522
      3309      83.00    0.05275 0.0001827150 34387.89546          1 0.0001336434 0.0005916247
      1329      79.00    0.05811 0.0003200655 19630.93836          1 0.0001316956 0.0006035628
      3135      81.00    0.05200 0.0003248407 19342.35977          1 0.0001330150 0.0005928185
      1342      96.00    0.22069 0.0002045177 30721.96621          8 0.0001398637 0.0005707017
      2392      80.00    0.05463 0.0002185920 28743.89192          1 0.0001318841 0.0005958973
       733      81.00    0.02288 0.0005069274 12394.64551          1 0.0001309416 0.0006024318
      1614      79.00    0.04258 0.0001317584 47687.17215          1 0.0001303761 0.0005989132
       534      83.00    0.98627 0.0001768717 35523.97869          6 0.0001705256 0.0003779336
      2916      79.00    0.29909 0.0002216079 28352.70768          3 0.0001335805 0.0005191168
       779      80.00    0.01885 0.0004083442 15386.98261          1 0.0001315699 0.0006060132
       970      79.00    0.06791 0.0003090699 20329.33523          1 0.0001320097 0.0005946407
       883      86.00    0.08049 0.0005495274 11433.79831          1 0.0001334549 0.0005868495
      2147      80.00    0.04767 0.0003675035 17096.93965          1 0.0001331407 0.0005960230
      2341      81.00    0.16365 0.0001756779 35765.37911          2 0.0001332035 0.0005885460
       408      81.00    0.03308 0.0001516133 41442.18815          1 0.0001319469 0.0005973424
      1358      83.00    0.02196 0.0001914487 32819.16639          1 0.0001313186 0.0006009238
      2407      81.00    0.05683 0.0003364646 18674.13632          1 0.0001316956 0.0005990389
      1441      81.00    0.04041 0.0004037575 15561.78027          1 0.0001308787 0.0005966513
      2618      80.00    0.06652 0.0002371274 26497.08532          1 0.0001325752 0.0006062017
