      3021      32.00       0.01    0.00964  651.98493          3    0.00181    0.01926
       308      32.00       0.02    0.00546 1151.04233          3    0.00196    0.01831
      2597      31.00       0.02    0.00310 2025.20252          3    0.00191    0.01947
      2819      31.00       0.02    0.01432  438.83173          3    0.00193    0.01927
      3606      35.00       0.01    0.00886  708.82886          3    0.00194    0.01897
      1219      31.00       0.02    0.00438 1433.12102          3    0.00193    0.01948
      1221      31.00       0.02    0.00438 1433.12102          3    0.00193    0.01948
      2888      33.00       0.01    0.00554 1134.07258          3    0.00190    0.01949
       210      36.00       0.01    0.00187 3358.20896          3    0.00188    0.01947
      3612      35.00       0.01    0.01490  421.80250          3    0.00188    0.01892
      1827      33.00       0.01    0.00304 2067.06477          3    0.00197    0.01897
      3120      31.00       0.02    0.00590 1064.08134          3    0.00185    0.01908
       541      31.00       0.02    0.00386 1629.25416          3    0.00200    0.01890
      2351      31.00       0.02    0.00379 1658.98618          3    0.00192    0.02085
       209      33.00       0.01    0.00278 2258.46926          3    0.00191    0.01901
      1109      31.00       0.02    0.00540 1163.09124          3    0.00201    0.01869
      2284      31.00       0.04    0.01785  352.01627          3    0.00185    0.01933
       276      32.00       0.04    0.00310 2029.31229          3    0.00210    0.01736
      3412      35.00       0.01    0.00390 1610.88241          3    0.00190    0.01997
      2163      31.00       0.02    0.00359 1748.93121          3    0.00190    0.01916
      2177      31.00       0.03    0.01539  408.36699          3    0.00190    0.01973
      2199      31.00       0.02    0.00264 2376.55136          3    0.00190    0.01946
      3283      34.00       0.01    0.00178 3536.34578          3    0.00178    0.02019
      3489      33.00       0.01    0.00300 2093.02326          3    0.00191    0.01945
       694      32.00       0.02    0.00213 2951.78747          3    0.00191    0.01963
      1133      31.00       0.05    0.00374 1681.30021          3    0.00229    0.02039
      2727      31.00       0.02    0.00381 1650.77036          3    0.00191    0.01922
      1287      31.00       0.09    0.00335 1876.95516          4    0.00335    0.00841
      3590      34.00       0.01    0.00930  675.77714          3    0.00182    0.01975
       956      31.00       0.02    0.00195 3217.73329          3    0.00191    0.01918
