      2177      87.00    0.02568 0.0004750088 13227.51323          1 0.0001316956 0.0006009238
      2199      89.00    1.00000 0.0001458327 43084.87721          3 0.0001458956 0.0001458956
      3283      94.00    0.02191 0.0002596212 24201.35528          1 0.0001311929 0.0006034371
      3489      91.00    0.02299 0.0001492257 42105.26316          1 0.0001318841 0.0005999814
       694      89.00    0.01299 0.0002399548 26184.86515          1 0.0001308159 0.0006026831
      1133      88.00    0.97016 0.0003762371 16700.06680          3 0.0003484655 0.0003783734
      2727      87.00    0.04363 0.0001460212 43029.25990          1 0.0001323867 0.0006026203
      1287      87.00    0.04106 0.0002947442 21317.41633          1 0.0001307531 0.0006076469
      3590      92.00    0.05858 0.0001423141 44150.11038          1 0.0001288681 0.0005922530
       956      87.00    0.02565 0.0003681947 17064.84642          1 0.0001305018 0.0006011752
      3441      94.00    0.01524 0.0001612265 38971.16134          1 0.0001311929 0.0006014265
      2430      88.00    0.02288 0.0001803274 34843.20557          1 0.0001281770 0.0006009867
       110      92.00    0.01364 0.0001740442 36101.08303          1 0.0001312557 0.0006079610
      1892      86.00    0.11179 0.0002856964 21992.52254          2 0.0001338318 0.0005821371
       364      94.00    0.24425 0.0001793849 35026.26970          2 0.0001467124 0.0005228238
       757      89.00    0.01874 0.0002290849 27427.31761          1 0.0001309416 0.0006016150
      2791      87.00    0.02912 0.0003717761 16900.45631          1 0.0001296849 0.0005999814
      2422      88.00    0.04424 0.0005087495 12350.25318          1 0.0001328894 0.0005957088
       258      91.00    0.79341 0.0003820805 16444.66371          4 0.0001825894 0.0004247433
      2601      87.00    0.03008 0.0002395150 26232.94858          1 0.0001319469 0.0006005469
      2956      94.00    0.03180 0.0005698849 11025.35832          1 0.0001299991 0.0005994787
      2209      88.00    0.02279 0.0004099150 15328.01962          1 0.0001315071 0.0006054477
      2238      88.00    0.99999 0.0001309416 47984.64491          4 0.0001310044 0.0001437593
      3110      89.00    0.03455 0.0002065911 30413.62530          1 0.0001302504 0.0005996044
      3014      92.00    0.02391 0.0001406805 44662.79589          1 0.0001301248 0.0006029973
      2233      88.00    0.05616 0.0001296849 48449.61240          1 0.0001293708 0.0006011752
      3009      88.00    0.02409 0.0002727531 23036.16678          1 0.0001315699 0.0006001699
       225      94.00    0.01363 0.0002708053 23201.85615          1 0.0001310672 0.0006071442
        26      94.00    0.19660 0.0002760832 22758.30678          2 0.0001388584 0.0005458831
      3255      90.00    0.02430 0.0004301469 14607.06982          1 0.0001318841 0.0006014265
