      2188      91.00    0.99969 0.0001440734 43610.98997          3 0.0001441363 0.0001441363
      3031      84.00    0.05660 0.0001698345 36995.93045          1 0.0001323867 0.0006023690
      1711      87.00    0.06085 0.0002789734 22522.52252          1 0.0001340203 0.0005899283
      3038     103.00    0.01896 0.0002912885 21570.31924          1 0.0001311301 0.0006000442
      2119      86.00    0.03686 0.0002836230 22153.30084          1 0.0001316327 0.0005979079
      3364      87.00    0.01715 0.0001388584 45248.86878          1 0.0001312557 0.0006028716
       335      90.00    0.01299 0.0001511734 41562.75977          1 0.0001312557 0.0006018035
      2439      88.00    0.03810 0.0001457699 43103.44828          1 0.0001320097 0.0005975309
       485      86.00    0.06380 0.0001544407 40683.48251          1 0.0001332664 0.0006029973
      2920      89.00    0.02380 0.0001714681 36643.45914          1 0.0001318841 0.0006146212
      3064      91.00    0.05398 0.0001325124 47415.83689          1 0.0001325752 0.0005936353
       841      89.00    0.01643 0.0003713363 16920.47377          1 0.0001311301 0.0006015522
      2964      88.00    0.02015 0.0003047973 20614.30633          1 0.0001315071 0.0006059504
      1262      85.00    0.05425 0.0005913106 10625.86335          1 0.0001322611 0.0006022433
      2040      86.00    0.09311 0.0004456663 14098.40688          1 0.0001358425 0.0005806292
      2308      87.00    0.01499 0.0003768655 16672.22407          1 0.0001309416 0.0006045681
       715      86.00    0.08537 0.0001420628 44228.21760          1 0.0001354655 0.0005900539
       755      86.00    0.03531 0.0001642425 38255.54705          1 0.0001287425 0.0005979707
       771      86.00    0.03372 0.0001290566 48685.49172          1 0.0001291823 0.0006043796
      3140      88.00    0.01835 0.0006251141 10051.26143          1 0.0001313814 0.0006251141
      3608      92.00    0.01824 0.0003512929 17885.88803          1 0.0001315071 0.0006014893
      3380      96.00    0.05541 0.0003078761 20408.16327          1 0.0001327637 0.0005889230
      3365      89.00    0.01446 0.0001567026 40096.23095          1 0.0001305018 0.0006019292
      2175      86.00    0.07406 0.0001265434 49652.43297          1 0.0001266062 0.0005899911
      2155      86.00    0.02927 0.0002516416 24968.78901          1 0.0001320726 0.0006014265
      3362      88.00    0.02641 0.0004711761 13335.11135          1 0.0001304389 0.0006001070
      2010      89.00    0.02772 0.0005076814 12376.23762          1 0.0001310044 0.0006046309
      2975      88.00    0.03994 0.0005769849 10889.68747          1 0.0001321354 0.0005974681
       126      91.00    0.01735 0.0003210708 19569.47162          1 0.0001311301 0.0006019920
      1634      87.00    0.28251 0.0001496026 41999.16002          2 0.0001323239 0.0005759168
