      2391      88.00    0.64202 0.0003994849 15728.21642          2 0.0001619177 0.0004003646
      1982      85.00    0.08714 0.0004059566 15477.48027          1 0.0001330779 0.0005891743
      3203      87.00    0.13459 0.0001580849 39745.62798          2 0.0001310672 0.0005835194
      1021      87.00    0.02082 0.0001379159 45558.08656          1 0.0001313186 0.0006004212
      2538      81.00    0.02883 0.0005192424 12100.67764          1 0.0001310044 0.0006133645
      2354      81.00    0.01949 0.0002534009 24795.43764          1 0.0001306274 0.0006031858
      2621      78.00    0.04982 0.0001814584 34626.03878          1 0.0001320097 0.0005942637
      1607      78.00    0.06288 0.0001791964 35063.11360          1 0.0001336434 0.0005971539
      1714      78.00    0.04937 0.0003228929 19459.03872          1 0.0001324495 0.0005985362
      1705      78.00    0.11692 0.0001423141 44150.11038          1 0.0001345858 0.0005892371
      3514      84.00    0.06788 0.0001411832 44503.78282          1 0.0001344602 0.0005894884
      3377      79.00    0.02804 0.0001357168 46296.29630          1 0.0001303133 0.0006036256
      1773      78.00    0.05888 0.0001285540 48875.85533          1 0.0001286168 0.0005931955
      3129      81.00    0.01381 0.0004501902 13956.73412          1 0.0001309416 0.0006082123
      1146      78.00    0.02790 0.0002205398 28490.02849          1 0.0001310044 0.0006002955
      2923      79.00    0.07568 0.0002554743 24594.19577          1 0.0001278000 0.0005888601
      1895      80.00    0.01730 0.0001572053 39968.02558          1 0.0001298106 0.0006013637
      3436      81.00    0.02240 0.0001465867 42863.26618          1 0.0001314442 0.0006045053
      2172     153.00    0.02600 0.0001568283 40064.10256          1 0.0001318841 0.0006019920
      1617     163.00    0.04819 0.0002300902 27307.48225          1 0.0001323239 0.0006016778
      1217     164.00    0.05023 0.0005620309 11179.42985          1 0.0001330150 0.0005980964
      2027     163.00    0.06867 0.0002479345 25342.11860          1 0.0001333920 0.0005908707
      2080     162.00    0.06320 0.0006175115 10175.01018          1 0.0001335177 0.0006175743
       365     163.00    0.02292 0.0001475920 42571.30694          1 0.0001305646 0.0006039398
      3593     172.00    0.02368 0.0002505734 25075.22568          1 0.0001307531 0.0005987247
      2420     167.00    0.03731 0.0002503849 25094.10289          1 0.0001304389 0.0005979707
      2263     162.00    0.03441 0.0005066132 12402.33164          1 0.0001291823 0.0006004840
       399     164.00    0.03066 0.0006220353 10101.01010          1 0.0001298734 0.0006220982
      1517     163.00    0.03082 0.0005406053 11622.50116          1 0.0001313186 0.0006007982
       740     166.00    0.04123 0.0001524301 41220.11542          1 0.0001311929 0.0005967141
