      2361      30.00       0.02    0.00525 1197.92360          3    0.00194    0.01949
      2639      31.00       0.02    0.00628 1000.22227          3    0.00193    0.01949
      3190      30.00       0.03    0.00838  749.75008          3    0.00188    0.01926
       963      31.00       0.02    0.00259 2428.49433          3    0.00194    0.02000
      3075      31.00       0.02    0.01194  526.10043          3    0.00185    0.02038
      2603      33.00       0.02    0.00567 1108.92065          3    0.00190    0.01904
      3432      31.00       0.01    0.00472 1330.18031          3    0.00194    0.01943
       878      30.00       0.03    0.00310 2029.31229          3    0.00193    0.02012
      3178      34.00       0.02    0.00556 1130.22730          3    0.00193    0.01975
      3357      32.00       0.02    0.00396 1585.34437          3    0.00187    0.01894
      3395      31.00       0.04    0.01405  447.07168          3    0.00205    0.01698
      3295      32.00       0.01    0.00246 2558.99915          3    0.00183    0.01987
       784      32.00       0.01    0.00425 1477.58989          3    0.00192    0.01987
      2162      30.00       0.04    0.00879  714.90984          3    0.00191    0.01912
      3618      33.00       0.01    0.01335  470.63745          3    0.00197    0.01929
      2332      30.00       0.05    0.00197 3197.15808          4    0.00194    0.01717
       724      31.00       0.02    0.00212 2969.31706          3    0.00190    0.02007
      3455      32.00       0.02    0.01270  494.61420          3    0.00193    0.01910
      3217      33.00       0.01    0.00325 1935.06773          3    0.00190    0.01901
      1815      31.00       0.03    0.00278 2258.46926          3    0.00204    0.01846
        33      33.00       0.02    0.00477 1317.90892          3    0.00181    0.01895
      2469      33.00       0.01    0.00337 1862.96833          3    0.00190    0.01908
      3155      33.00       0.02    0.00470 1335.50972          3    0.00203    0.01894
        98      33.00       0.01    0.00377 1667.28418          3    0.00194    0.01918
      2337      32.00       0.02    0.01357  463.01060          3    0.00201    0.01924
      3596      33.00       0.01    0.00338 1859.50413          3    0.00198    0.01923
      2438      32.00       0.02    0.00303 2071.34638          3    0.00185    0.01948
      3482      33.00       0.02    0.00660  952.58256          3    0.00189    0.01891
       652      34.00       0.03    0.01236  508.44585          3    0.00195    0.01919
      2508      31.00       0.03    0.00354 1776.90030          3    0.00190    0.02066
