      1248      31.00       0.02    0.01957  321.05019          3    0.00202    0.01958
      1343      32.00       0.01    0.01370  458.76236          3    0.00183    0.01885
      2525      31.00       0.02    0.01485  423.05161          3    0.00188    0.01918
       731      35.00       0.03    0.00617 1017.52402          3    0.00214    0.01682
       116      35.00       1.00    0.00472 1331.95205          7    0.00472    0.00472
      1624      32.00       0.01    0.00640  981.56833          3    0.00181    0.01894
      2380      32.00       0.99    0.00575 1091.96797          6    0.00576    0.00576
      2532      31.00       0.02    0.00991  634.20478          3    0.00204    0.01912
      1500      32.00       0.01    0.01065  589.69991          3    0.00190    0.01924
      2348      31.00       1.00    0.00627 1002.22717          4    0.00628    0.00628
      3450      33.00       0.02    0.00827  759.42958          3    0.00190    0.01858
      3594      37.00       0.02    0.00929  676.69173          3    0.00200    0.01916
       367      33.00       0.01    0.00378 1661.74298          3    0.00192    0.01970
       914      32.00       0.01    0.01099  571.50114          3    0.00185    0.01991
       214      35.00       0.04    0.01956  321.25647          3    0.00220    0.01959
      1545      31.00       0.04    0.01563  401.96516          3    0.00213    0.01718
      2982      32.00       0.02    0.00767  819.14990          3    0.00188    0.01953
      2117      31.00       0.02    0.00508 1237.96424          3    0.00195    0.01990
      2157      31.00       0.03    0.00560 1122.61444          3    0.00224    0.01711
       185      34.00       0.01    0.00459 1368.40505          3    0.00205    0.01880
      1926      30.00       0.02    0.00244 2572.16348          3    0.00188    0.01955
      1853      31.00       0.02    0.00884  710.84433          3    0.00190    0.01990
      2419      31.00       0.02    0.00830  757.12964          3    0.00183    0.01936
      3414      34.00       0.02    0.00192 3270.34884          3    0.00193    0.01971
      2512      32.00       0.02    0.00381 1648.04981          3    0.00193    0.01917
         8      36.00       0.01    0.00259 2422.61104          3    0.00196    0.01862
      1266      35.00       1.00    0.00232 2704.32692          5    0.00233    0.00233
      3552      35.00       0.03    0.00207 3041.56810          4    0.00207    0.00370
      2841      33.00       0.01    0.00215 2925.87776          3    0.00190    0.01957
      1206      32.00       0.02    0.00868  723.70537          3    0.00192    0.01884
