      1898      27.00       0.05    0.00178 3536.34578          3    0.00178    0.01833
      3160      32.00       0.02    0.00346 1815.61428          3    0.00209    0.01840
      2189      28.00       0.03    0.01229  511.04423          3    0.00186    0.01968
       378      31.00       0.04    0.01273  493.63756          3    0.00201    0.01744
      2065      28.00       0.07    0.00423 1484.16887          3    0.00198    0.01803
      3282      30.00       0.02    0.00765  821.16788          3    0.00189    0.01899
       711      28.00       0.03    0.00264 2382.21281          3    0.00196    0.01928
      2583      30.00       0.04    0.00571 1100.37902          3    0.00178    0.01817
      3249      29.00       0.02    0.00276 2279.05799          3    0.00184    0.01945
      3485      29.00       0.02    0.00234 2689.77884          3    0.00193    0.02019
      1010      28.00       0.03    0.00362 1733.76999          3    0.00198    0.01939
      3553      30.00       0.01    0.00504 1247.22838          3    0.00191    0.01990
      3358      29.00       0.02    0.00320 1965.49465          3    0.00197    0.01852
      1841      30.00       0.04    0.00455 1379.73325          3    0.00196    0.01930
      3067      29.00       0.03    0.01218  515.78887          3    0.00193    0.01933
      2202      28.00       0.04    0.00399 1572.87662          3    0.00179    0.01914
      2379      29.00       0.03    0.00913  687.86304          3    0.00189    0.02011
      1297      31.00       0.04    0.01067  588.65851          3    0.00183    0.01890
      3015      29.00       0.02    0.02082  301.77039          3    0.00195    0.02083
      2372      28.00       0.04    0.00226 2779.49351          3    0.00188    0.01926
      2007      29.00       0.02    0.01366  459.81709          3    0.00188    0.01924
      3562      32.00       0.01    0.00451 1393.18885          3    0.00197    0.01880
      1321      28.00       0.05    0.01141  550.72819          3    0.00198    0.01946
      1531      28.00       0.04    0.00205 3069.57708          3    0.00180    0.01983
      2097      32.00       0.08    0.00228 2756.50842          3    0.00195    0.01809
      3166      30.00       0.01    0.00290 2170.24355          3    0.00185    0.01995
      3523      31.00       0.02    0.01288  487.85776          3    0.00199    0.01903
      1210      30.00       0.01    0.01336  470.19487          3    0.00193    0.01923
      1031      32.00       0.03    0.01190  528.04506          3    0.00186    0.01929
      1464      29.00       0.03    0.00504 1247.22838          3    0.00185    0.01992
