      1918      29.00       0.02    0.00301 2088.65166          3    0.00190    0.01978
      2872      29.00       0.02    0.00191 3281.07911          3    0.00177    0.01992
      2772      29.00       0.02    0.01728  363.66575          3    0.00197    0.02007
      3378      30.00       0.02    0.00373 1684.13174          3    0.00188    0.01897
       875      30.00       0.03    0.00881  713.37984          3    0.00192    0.01888
      3610      33.00       0.01    0.00199 3156.78709          3    0.00186    0.01921
      3501      31.00       0.02    0.00672  934.77358          3    0.00193    0.01927
      1677      29.00       0.05    0.01973  318.39247          3    0.00190    0.01974
       900      31.00       0.01    0.00999  629.01873          3    0.00189    0.01937
      3222      32.00       0.02    0.00561 1120.09956          3    0.00193    0.01978
      2364      30.00       0.03    0.00770  815.80856          3    0.00195    0.01942
      2388      29.00       0.06    0.00299 2101.82158          3    0.00210    0.01791
      2242      29.00       0.04    0.00601 1045.17478          3    0.00182    0.02004
      3496      31.00       0.02    0.00205 3069.57708          3    0.00191    0.01925
      2644      31.00       0.02    0.00321 1957.79856          3    0.00191    0.01938
      2023      29.00       0.03    0.00187 3358.20896          3    0.00188    0.01917
      1720      29.00       0.05    0.00765  821.84275          3    0.00200    0.01911
      2362      29.00       0.03    0.00308 2041.74229          3    0.00189    0.02015
      2087      30.00       0.03    0.00369 1704.22269          3    0.00198    0.01833
      2078      30.00       0.02    0.00438 1433.12102          3    0.00194    0.01928
      1622      32.00       0.02    0.00898  699.89890          3    0.00193    0.01846
      1150      31.00       0.05    0.00292 2151.56586          3    0.00197    0.01935
      1668      30.00       0.02    0.01636  384.05735          3    0.00186    0.01940
      1696      29.00       0.03    0.00451 1393.18885          3    0.00181    0.01958
      1860      30.00       0.04    0.00996  631.00330          3    0.00180    0.01947
        68      32.00       0.01    0.00234 2689.77884          3    0.00192    0.01914
      3613      32.00       0.01    0.00454 1385.46798          3    0.00184    0.01964
       223      30.00       0.03    0.00459 1368.40505          3    0.00195    0.01892
      2692      31.00       0.02    0.00816  769.95466          3    0.00194    0.01965
       499      32.00       0.05    0.01343  467.77547          4    0.00256    0.01592
