      2007      86.00    0.02031 0.0001666929 37693.17753          1 0.0001310672 0.0006029345
      3562      91.00    0.04473 0.0001409947 44563.27986          1 0.0001327637 0.0005938867
      1321      84.00    0.02833 0.0004642017 13535.46291          1 0.0001315071 0.0006024318
      1531      84.00    0.03110 0.0002123088 29594.55460          1 0.0001320726 0.0006010495
      2097      84.00    0.09929 0.0003056770 20554.98458          1 0.0001316956 0.0005859699
      3166      88.00    0.01519 0.0003865416 16254.87646          1 0.0001313186 0.0006024946
      3523      88.00    0.03708 0.0004594893 13674.27868          1 0.0001321354 0.0005952061
      1210      88.00    0.01578 0.0003489053 18008.28381          1 0.0001311929 0.0006035628
      1031      85.00    0.03751 0.0004007416 15678.89621          1 0.0001316956 0.0006034999
      1464      84.00    0.08382 0.0002664071 23584.90566          1 0.0001332035 0.0005927557
      3388      91.00    0.03212 0.0001392982 45105.99910          1 0.0001321982 0.0005968398
      3248      85.00    0.01631 0.0001843487 34083.16292          1 0.0001311301 0.0006043796
       397      90.00    0.01009 0.0005120168 12271.44435          1 0.0001300619 0.0006025575
      2990      89.00    0.07742 0.0001624832 38669.76025          1 0.0001340832 0.0006114168
      1179      85.00    0.03062 0.0003859761 16278.69119          1 0.0001307531 0.0005998557
        35      88.00    0.06370 0.0005590778 11238.48056          1 0.0001328265 0.0006005469
      2676      88.00    0.13636 0.0004731239 13280.21248          2 0.0001394239 0.0005758539
       673      87.00    0.01458 0.0004343566 14465.49978          1 0.0001311301 0.0006022433
      2198      88.00    0.02046 0.0001294964 48520.13586          1 0.0001296221 0.0006012380
       601      87.00    0.03092 0.0001866734 33658.70077          1 0.0001319469 0.0005977194
       930      88.00    0.01861 0.0005917504 10617.96560          1 0.0001315699 0.0006080867
       456      88.00    0.02985 0.0001487230 42247.57076          1 0.0001320097 0.0006001070
      1381      87.00    0.02341 0.0001362195 46125.46125          1 0.0001301248 0.0006017407
      3525      91.00    0.01612 0.0005703247 11016.85579          1 0.0001313186 0.0006116681
       253      88.00    0.01323 0.0004812920 13054.83029          1 0.0001308787 0.0006029973
       423      86.00    0.02265 0.0003450097 18211.61901          1 0.0001311301 0.0006021805
      2544      87.00    0.01959 0.0003773681 16650.01665          1 0.0001305646 0.0006033115
       375      87.00    0.03020 0.0004829256 13010.66875          1 0.0001320097 0.0005984734
       300      91.00    0.01133 0.0005543654 11334.01337          1 0.0001310044 0.0006029973
      2764      94.00    0.05999 0.0001526814 41152.26337          1 0.0001306274 0.0005954575
