      3441      36.00       0.01    0.00254 2470.49135          3    0.00184    0.01903
      2430      31.00       0.02    0.00692  908.44857          3    0.00182    0.01934
       110      32.00       0.01    0.00470 1337.29569          3    0.00188    0.01946
      1892      29.00       0.02    0.01782  352.51263          3    0.00194    0.01907
       364      33.00       0.01    0.01503  418.09904          3    0.00185    0.01992
       757      31.00       0.02    0.01390  452.12499          3    0.00187    0.01927
      2791      30.00       0.03    0.01716  366.06199          3    0.00192    0.01995
      2422      30.00       0.02    0.00337 1862.96833          3    0.00184    0.01923
       258      32.00       0.01    0.00191 3291.88003          3    0.00188    0.02000
      2601      30.00       0.02    0.00585 1073.21727          3    0.00186    0.01938
      2956      30.00       0.02    0.01353  464.51613          3    0.00190    0.01946
      2209      30.00       0.02    0.00283 2223.32016          3    0.00189    0.01939
      2238      30.00       0.02    0.02068  303.87953          3    0.00189    0.02068
      3110      33.00       0.02    0.00741  847.61725          3    0.00184    0.01965
      3014      32.00       0.01    0.00179 3511.50995          3    0.00180    0.01963
      2233      30.00       0.03    0.01223  513.66931          3    0.00176    0.01949
      3009      30.00       0.02    0.00375 1675.66561          3    0.00197    0.01929
       225      33.00       0.02    0.00655  959.89761          3    0.00197    0.01866
        26      33.00       0.01    0.00434 1447.64356          3    0.00186    0.01941
      3255      31.00       0.03    0.01126  558.10492          3    0.00203    0.01929
       196      33.00       0.02    0.01513  415.14830          3    0.00193    0.01868
      2072      30.00       0.04    0.01217  516.32150          3    0.00193    0.01924
      2366      30.00       0.02    0.00409 1536.62284          3    0.00187    0.01956
         9      34.00       0.01    0.01404  447.67211          3    0.00186    0.02031
      2262      31.00       0.04    0.00932  673.95537          3    0.00213    0.01843
      3085      31.00       0.02    0.01278  491.69580          3    0.00194    0.01917
       924      33.00       0.01    0.01023  613.95730          3    0.00191    0.01948
      3069      33.00       0.01    0.00888  707.32474          3    0.00193    0.01965
      2826      31.00       0.02    0.01712  367.00241          3    0.00185    0.01936
       137      33.00       0.02    0.00864  726.86157          3    0.00192    0.01888
