      3403     168.00    0.02627 0.0001913858 32829.94091          1 0.0001315071 0.0005996672
      2939     165.00    0.05953 0.0001633628 38461.53846          1 0.0001313814 0.0005954575
      1036     165.00    0.04347 0.0004600548 13657.47064          1 0.0001325752 0.0005984734
      1909     166.00    0.02476 0.0003164212 19857.02939          1 0.0001280513 0.0006021805
      1269     164.00    0.04609 0.0001275487 49261.08374          1 0.0001276115 0.0006000442
       642     165.00    0.05784 0.0001477805 42517.00680          1 0.0001318841 0.0005950176
       913     165.00    0.03399 0.0006104115 10293.36078          1 0.0001321982 0.0006104115
      2591     165.00    0.05575 0.0003602150 17442.87459          1 0.0001323239 0.0005957716
       653     166.00    0.02293 0.0002745124 22888.53285          1 0.0001315699 0.0006009867
      1264     163.00    0.07543 0.0001286796 48828.12500          1 0.0001287425 0.0005934469
      3312     179.00    0.22347 0.0005077442 12374.70610          2 0.0001467124 0.0005341964
      1644     169.00    0.02308 0.0004055796 15491.86677          1 0.0001318841 0.0006025575
      1806     164.00    0.03882 0.0001277372 49188.39154          1 0.0001277372 0.0005977823
      2076     165.00    0.04188 0.0001305018 48146.36495          1 0.0001305646 0.0005966513
      2911     170.00    0.02483 0.0002555371 24588.14851          1 0.0001294964 0.0005997929
        44     173.00    0.01386 0.0004534575 13856.17293          1 0.0001313814 0.0006015522
       862     167.00    0.01771 0.0003487168 18018.01802          1 0.0001313814 0.0006042539
      2954     167.00    0.03802 0.0002611292 24061.59769          1 0.0001309416 0.0005962115
      2616     171.00    0.13716 0.0004856902 12936.61061          2 0.0001359681 0.0005677486
      3269      82.00    0.03577 0.0004185230 15012.76085          1 0.0001318841 0.0006003584
      2424      81.00    0.02894 0.0002762717 22742.77917          1 0.0001313814 0.0006005469
      3603      86.00    0.01040 0.0001394867 45045.04505          1 0.0001311929 0.0006024318
      3168      85.00    0.01654 0.0001793221 35038.54240          1 0.0001310672 0.0006029345
       792      81.00    0.03854 0.0003123371 20116.67673          1 0.0001321982 0.0006019920
      2801      83.00    0.02274 0.0006043168 10397.17197          1 0.0001311301 0.0006046938
      1904      81.00    0.04003 0.0005739061 10948.10598          1 0.0001318841 0.0005987247
      2889      81.00    0.09584 0.0005115769 12281.99460          1 0.0001352770 0.0005989761
      1686      81.00    0.05766 0.0003064938 20500.20500          1 0.0001325752 0.0006107256
       483      81.00    0.02352 0.0005065504 12403.87001          1 0.0001313814 0.0006024318
      1194      87.00    0.29653 0.0001430053 43936.73111          3 0.0001296849 0.0005286672
