      1620     185.00        nan 0.0001256637 50000.00000          2 0.0001256637 0.0001256637
      1906     138.00    1.00000 0.0001382929 45433.89368          6 0.0001383557 0.0001383557
      3236     140.00    1.00000 0.0001468380 42789.90158          6 0.0001469009 0.0001469009
      1671     117.00    0.30719 0.0001266690 49603.17460          2 0.0001267318 0.0005034088
      1612     110.00    1.00000 0.0001259150 49900.19960          6 0.0001259779 0.0001259779
      3107     105.00    0.22898 0.0001436964 43725.40446          2 0.0001290566 0.0005324371
      2338     102.00    1.00000 0.0001304389 48169.55684          2 0.0001305018 0.0001305018
      3401     104.00    0.14942 0.0002676637 23474.17840          2 0.0001353398 0.0005603345
      2942      97.00    0.03238 0.0002149478 29231.21894          1 0.0001317584 0.0005987247
      2276     104.00    1.00000 0.0001556345 40371.41704          5 0.0001382929 0.0001556973
      3051      99.00    0.09748 0.0001544407 40683.48251          1 0.0001345230 0.0005767336
      2187      94.00    1.00000 0.0001329522 47258.97921          3 0.0001330150 0.0001421885
      2652      96.00    0.00973 0.0006166318 10189.52517          1 0.0001311301 0.0006166318
      1502      95.00    0.04933 0.0001308787 48007.68123          1 0.0001309416 0.0005925672
      2962      96.00    0.10803 0.0003287363 19113.14985          2 0.0001347743 0.0005779902
      2148     104.00    0.03698 0.0005333168 11781.33836          1 0.0001326380 0.0005941380
      2560      92.00    0.04448 0.0002784708 22563.17690          1 0.0001325752 0.0005921274
      2176     104.00    1.00000 0.0001479690 42462.84501          9 0.0001439478 0.0001480318
      1937      92.00    0.98762 0.0002064655 30432.13634          2 0.0002065283 0.0005049796
      2798      97.00    0.04999 0.0001405549 44702.72687          1 0.0001303761 0.0005916247
      3564     111.00    0.99999 0.0001288681 48756.70405          2 0.0001289310 0.0001353398
      1537      98.00    0.04827 0.0001433195 43840.42087          1 0.0001321354 0.0005921274
       566      93.00    0.01481 0.0001812699 34662.04506          1 0.0001312557 0.0006021176
      2178      94.00    1.00000 0.0001259779 49875.31172          2 0.0001260407 0.0001260407
      3231      94.00    0.01242 0.0002268230 27700.83102          1 0.0001312557 0.0006022433
      2226      93.00    0.01306 0.0005809433 10815.48778          1 0.0001313186 0.0006016778
      3006      93.00    0.02425 0.0002969433 21159.54295          1 0.0001315699 0.0006011123
      2311      92.00    0.06409 0.0001663159 37778.61730          1 0.0001335177 0.0006080867
      2730      93.00    0.99858 0.0003759230 16714.02307          2 0.0001885584 0.0003768655
      1767      92.00    0.05075 0.0004224814 14872.09994          1 0.0001330150 0.0005916247
