      3208      84.00    0.98797 0.0001335177 47058.82353          3 0.0001274858 0.0001358425
      1626      81.00    0.10458 0.0003878610 16199.57881          1 0.0001304389 0.0005923159
       973      84.00    0.97562 0.0001563257 40192.92605          4 0.0001420628 0.0002059000
      2649      83.00    0.02782 0.0004873867 12891.58180          1 0.0001291823 0.0005993530
      3162      83.00    0.02304 0.0004159469 15105.74018          1 0.0001306274 0.0006038141
      2510      82.00    0.12041 0.0005781159 10868.38387          3 0.0001339575 0.0006033743
      1662      84.00    0.03594 0.0002278283 27578.59901          1 0.0001323239 0.0006012380
      2243      84.00    0.03166 0.0004853761 12944.98382          1 0.0001316327 0.0005981592
      1975      82.00    0.33175 0.0003079389 20403.99918          3 0.0001457699 0.0005411708
      3325      89.00    0.02378 0.0004369327 14380.21283          1 0.0001308787 0.0005985362
      1898      82.00    0.03912 0.0003436274 18284.87841          1 0.0001308787 0.0006102858
      3160      91.00    0.99993 0.0001815212 34614.05331          3 0.0001815841 0.0001815841
      2189      82.00    0.03959 0.0002987655 21030.49422          1 0.0001303761 0.0006017407
       378      85.00    0.02067 0.0002073451 30303.03030          1 0.0001313814 0.0006033743
      2065      81.00    0.09405 0.0002685433 23397.28591          1 0.0001325124 0.0005830796
      3282      91.00    0.02311 0.0004554681 13795.00621          1 0.0001306903 0.0006010495
       711      83.00    0.04131 0.0003891177 16147.26304          1 0.0001323867 0.0006109769
      2583      85.00    0.03449 0.0001290566 48685.49172          1 0.0001291195 0.0005977194
      3249      83.00    0.02288 0.0003607177 17418.56819          1 0.0001312557 0.0006036256
      3485      85.00    0.01733 0.0002825548 22237.04692          1 0.0001314442 0.0006053849
      1010      83.00    0.06545 0.0002804814 22401.43369          1 0.0001322611 0.0006085893
      3553      88.00    0.03409 0.0002929849 21445.42140          1 0.0001321982 0.0005972168
      3358      85.00    0.02752 0.0002537779 24758.60361          1 0.0001315071 0.0006083380
      1841      83.00    0.09714 0.0001842858 34094.78350          1 0.0001289310 0.0005859070
      3067      84.00    0.94700 0.0005494017 11436.41354          4 0.0005490876 0.0005499672
      2202      84.00    0.04703 0.0001699602 36968.57671          1 0.0001322611 0.0005996672
      2379      84.00    0.02136 0.0001345230 46707.14619          1 0.0001312557 0.0006034999
      1297      84.00    0.03140 0.0005526690 11368.80400          1 0.0001309416 0.0006083380
      3015      91.00    0.05027 0.0001761177 35676.06136          1 0.0001321982 0.0005962115
      2372      83.00    0.02539 0.0004269424 14716.70346          1 0.0001318212 0.0006018663
