      3388      32.00       0.02    0.00766  819.82146          3    0.00190    0.02085
      3248      29.00       0.03    0.00321 1957.79856          3    0.00195    0.01985
       397      31.00       0.02    0.00210 2987.05609          3    0.00188    0.01988
      2990      29.00       0.12    0.01168  537.98793          3    0.00235    0.01429
      1179      29.00       0.03    0.00353 1780.06329          3    0.00201    0.01957
        35      30.00       0.02    0.00310 2025.20252          3    0.00185    0.01829
      2676      30.00       0.02    0.00303 2075.64576          3    0.00191    0.01952
       673      30.00       0.03    0.00441 1424.95250          3    0.00192    0.01908
      2198      30.00       0.01    0.00177 3548.89590          3    0.00178    0.01937
       601      30.00       0.02    0.00909  691.19115          3    0.00190    0.02004
       930      30.00       0.02    0.00629  998.22538          3    0.00183    0.01906
       456      30.00       0.02    0.00286 2194.05168          3    0.00190    0.01950
      1381      30.00       0.04    0.00250 2513.96648          3    0.00190    0.01868
      3525      32.00       0.02    0.00254 2470.49135          3    0.00181    0.02029
       253      30.00       0.02    0.01383  454.17844          3    0.00191    0.01958
       423      29.00       0.03    0.00457 1375.93640          3    0.00190    0.01970
      2544      29.00       0.03    0.00198 3166.78395          3    0.00197    0.01903
       375      30.00       0.03    0.00208 3023.17770          3    0.00193    0.01899
       300      31.00       0.01    0.02002  313.79659          3    0.00182    0.02003
      2764      29.00       0.09    0.00629  999.22283          4    0.00191    0.01406
      2369      29.00       0.02    0.00327 1920.20482          3    0.00195    0.01968
      2073      33.00       0.04    0.01221  514.46210          3    0.00193    0.01924
      2633      30.00       0.06    0.00452 1391.25058          4    0.00256    0.01250
      2261      30.00       0.05    0.00953  659.29236          3    0.00192    0.01997
      1176      30.00       0.03    0.00754  832.79356          3    0.00198    0.01920
      1655      31.00       0.02    0.00282 2228.27433          3    0.00192    0.02053
      3397      31.00       0.03    0.00207 3041.56810          3    0.00193    0.01901
      3563      33.00       0.01    0.00251 2507.66230          3    0.00181    0.01892
       113      35.00       0.02    0.01983  316.87909          3    0.00187    0.01983
       287      31.00       0.02    0.00636  987.38343          3    0.00195    0.01948
