       216      84.00    0.11075 0.0001494141 42052.14466          3 0.0001364080 0.0005786814
       279      88.00    0.01472 0.0005612141 11195.70085          1 0.0001311301 0.0006043796
      2681      84.00    0.02141 0.0001531212 41034.05827          1 0.0001310044 0.0006014893
       503      84.00    0.01681 0.0001322611 47505.93824          1 0.0001301876 0.0006029973
      2180      83.00    0.17766 0.0001266690 49603.17460          2 0.0001258522 0.0005622194
      2579      84.00    0.03041 0.0001873646 33534.54058          1 0.0001310044 0.0006003584
       819      84.00    0.02614 0.0002146964 29265.43752          1 0.0001315699 0.0005987247
       200      87.00    0.05756 0.0001761805 35663.33809          1 0.0001270460 0.0005921274
      1084      84.00    0.72516 0.0003264115 19249.27815          3 0.0001706513 0.0003264743
      2987      85.00    0.01843 0.0002586159 24295.43246          1 0.0001311301 0.0006050079
      3291      85.00    0.02076 0.0001569540 40032.02562          1 0.0001311929 0.0006105371
      3440      91.00    0.01172 0.0001261035 49825.61036          1 0.0001284283 0.0006040654
       582      83.00    0.01776 0.0001836575 34211.42662          1 0.0001310672 0.0006069557
      2302      83.00    0.05501 0.0003900601 16108.24742          1 0.0001318841 0.0005977194
      3520      90.00    0.02293 0.0001458327 43084.87721          1 0.0001299991 0.0005995415
      1498      83.00    0.04141 0.0003016557 20828.99396          1 0.0001323867 0.0006057619
      3423      87.00    0.01679 0.0004365557 14392.63097          1 0.0001315071 0.0006014893
      2376      83.00    0.03592 0.0002329805 26968.71629          1 0.0001308787 0.0006051964
      1041      85.00    0.01639 0.0006121707 10263.77912          1 0.0001310044 0.0006122336
       912      84.00    0.02242 0.0004064593 15458.33977          1 0.0001309416 0.0006043168
      2672      84.00    0.89615 0.0004851876 12950.01295          4 0.0001618549 0.0004879522
      2319      84.00    0.02921 0.0003600893 17448.96179          1 0.0001316327 0.0005997300
       134      89.00    0.01105 0.0005172318 12147.71623          1 0.0001308787 0.0006027460
      2860      84.00    0.02665 0.0004033805 15576.32399          1 0.0001313814 0.0006009867
      2404      84.00    0.16895 0.0003326318 18889.30865          1 0.0001408690 0.0005691309
      1263      87.00    0.01753 0.0002679150 23452.15760          1 0.0001311929 0.0006033743
      2344      87.00    1.00000 0.0001303761 48192.77108          3 0.0001304389 0.0001304389
      2381      83.00    0.09234 0.0004767053 13180.44023          1 0.0001340832 0.0006149353
      2658      87.00    0.03002 0.0001725363 36416.60597          1 0.0001322611 0.0006078982
      2729      85.00    0.05331 0.0002585531 24301.33657          1 0.0001290566 0.0006015522
