       301      86.00    0.06575 0.0001659389 37864.44529          1 0.0001303761 0.0005914362
       619      83.00    0.02656 0.0001514248 41493.77593          1 0.0001315071 0.0006058247
      3579      90.00    0.01590 0.0001259150 49900.19960          1 0.0001274858 0.0006028716
      2303      86.00    0.01280 0.0003757973 16719.61210          1 0.0001308787 0.0006029345
       889      83.00    0.04832 0.0002018787 31123.56054          1 0.0001325124 0.0005953318
       208      86.00    0.03623 0.0001286168 48851.97851          1 0.0001278000 0.0005969654
      1912      83.00    0.03624 0.0002355566 26673.77967          1 0.0001318212 0.0006006097
      3551      90.00    0.01958 0.0001528699 41101.52076          1 0.0001302504 0.0006001699
      2545      83.00    0.05466 0.0002119318 29647.19834          1 0.0001325752 0.0006052592
       229      85.00    0.02010 0.0002015018 31181.78983          1 0.0001314442 0.0006005469
      2979      83.00    0.02741 0.0005610256 11199.46243          1 0.0001311301 0.0006006725
      3617      88.00    0.71698 0.0003027867 20751.19319          2 0.0002780938 0.0003028495
      3324      84.00    0.17892 0.0003357106 18716.07711          3 0.0001431310 0.0005587008
      2266      84.00    0.02105 0.0001502310 41823.50481          1 0.0001311929 0.0006056362
      2240      85.00    0.02717 0.0001281770 49019.60784          1 0.0001282398 0.0006002955
      2208      86.00    0.03103 0.0001750495 35893.75449          1 0.0001269203 0.0006021805
      3028      84.00    0.04811 0.0004569761 13749.48439          1 0.0001318841 0.0005945150
      2033      87.00    0.38544 0.0002173982 28901.73410          2 0.0001672584 0.0004964973
       721      83.00    0.04026 0.0002676009 23479.69007          1 0.0001309416 0.0006115424
      2110      84.00    0.02055 0.0004289531 14647.72228          1 0.0001311301 0.0006024946
      2184      83.00    0.07393 0.0001784425 35211.26761          1 0.0001342717 0.0005896141
        17      86.00    0.03156 0.0004860044 12928.24822          1 0.0001321354 0.0005993530
       380      85.00    0.03361 0.0003049858 20601.56572          1 0.0001316956 0.0006009238
      1741      83.00    0.11009 0.0002613177 24044.24140          3 0.0001355911 0.0005783672
       526      84.00    0.02713 0.0004315920 14558.15985          1 0.0001315071 0.0006013008
       680     107.00    0.10317 0.0003267256 19230.76923          1 0.0001363451 0.0005799380
      2082      85.00    0.03554 0.0004138106 15183.72305          1 0.0001320726 0.0005994159
      1127      84.00    0.04663 0.0005904938 10640.56182          1 0.0001303761 0.0006039398
      2292      86.00    0.01742 0.0001748610 35932.44700          1 0.0001311929 0.0006030601
      2331      84.00    0.02948 0.0002562283 24521.82442          1 0.0001311929 0.0006002327
