      2731      30.00       0.02    0.00417 1506.52829          3    0.00186    0.01930
      3494      29.00       0.13    0.00209 3005.00835          3    0.00210    0.01378
      3275      31.00       0.01    0.00998  629.41464          3    0.00191    0.01953
        63      30.00       0.01    0.00467 1344.48760          3    0.00196    0.01917
      2353      28.00       0.02    0.01647  381.56612          3    0.00198    0.01941
      2211      28.00       0.04    0.00227 2771.78934          3    0.00185    0.01916
       747      28.00       0.05    0.00603 1041.90785          3    0.00181    0.01833
       662      30.00       0.01    0.00643  977.72949          3    0.00189    0.01966
      2540      28.00       0.02    0.01000  628.62331          3    0.00181    0.01958
      3089      28.00       0.04    0.00190 3302.75229          3    0.00191    0.01963
      3567      30.00       0.01    0.00417 1506.52829          3    0.00189    0.01958
      3176      30.00       0.01    0.00634  990.31690          3    0.00182    0.01931
      1458      28.00       0.07    0.00229 2748.93097          3    0.00201    0.01960
      2679      28.00       0.04    0.00216 2908.85585          3    0.00183    0.01915
      3233      29.00       0.02    0.00707  889.06451          3    0.00197    0.01909
      2581      28.00       0.05    0.00469 1340.88200          3    0.00196    0.02083
      2368      31.00       0.03    0.00687  915.09914          3    0.00206    0.01772
      2632      29.00       0.04    0.00446 1408.89167          3    0.00193    0.01893
      2386      29.00       0.02    0.00333 1884.02763          3    0.00180    0.01961
       749      28.00       0.14    0.00409 1536.62284          3    0.00233    0.01549
      2188      31.00       0.01    0.00232 2711.66014          3    0.00179    0.01870
      3031      28.00       0.05    0.00901  696.97204          3    0.00195    0.01917
      1711      29.00       0.04    0.00888  707.82540          3    0.00202    0.01889
      3038      38.00       0.01    0.00368 1707.13202          3    0.00185    0.01988
      2119      29.00       0.03    0.00306 2054.32550          3    0.00196    0.01986
      3364      30.00       0.02    0.01006  624.30633          3    0.00187    0.01939
       335      31.00       0.01    0.01307  480.82060          3    0.00191    0.02009
      2439      30.00       0.02    0.00200 3136.98153          3    0.00182    0.01950
       485      29.00       0.03    0.00183 3439.05235          3    0.00183    0.01971
      2920      31.00       0.01    0.00224 2810.74329          3    0.00183    0.01975
