       561      28.00       0.05    0.00773  813.15504          3    0.00185    0.01938
      3309      30.00       0.02    0.00323 1946.36678          3    0.00193    0.01891
      1329      28.00       0.05    0.01055  595.67145          3    0.00198    0.02035
      3135      29.00       0.05    0.00634  990.31690          3    0.00200    0.01865
      1342      28.00       0.04    0.00430 1460.32776          3    0.00195    0.01967
      2392      29.00       0.03    0.00184 3415.55977          3    0.00185    0.01994
       733      29.00       0.02    0.00732  858.53286          3    0.00189    0.01912
      1614      28.00       0.05    0.00546 1149.71896          3    0.00199    0.01874
       534      29.00       0.02    0.00905  694.06956          3    0.00184    0.01990
      2916      28.00       0.04    0.01121  560.29384          3    0.00188    0.01966
       779      29.00       0.03    0.01228  511.56710          3    0.00197    0.01884
       970      28.00       0.05    0.00322 1950.16251          3    0.00189    0.02004
       883      29.00       0.02    0.00286 2198.87613          3    0.00188    0.02027
      2147      29.00       0.04    0.00643  977.72949          3    0.00198    0.01893
      2341      29.00       0.03    0.00209 3005.00835          3    0.00190    0.01939
       408      29.00       0.02    0.00224 2802.86515          3    0.00186    0.01979
      1358      30.00       0.02    0.00324 1938.81947          3    0.00195    0.01873
      2407      28.00       0.09    0.00888  707.32474          3    0.00225    0.01671
      1441      29.00       0.04    0.00975  644.42217          3    0.00195    0.01916
      2618      28.00       0.08    0.01043  602.49029          3    0.00196    0.02046
