        33      86.00    0.04238 0.0002646478 23741.69041          1 0.0001322611 0.0005930699
      2469      87.00    0.64394 0.0001881186 33400.13360          3 0.0001857938 0.0003025354
      3155      87.00    0.09327 0.0002964407 21195.42179          2 0.0001364708 0.0005800008
        98      88.00    0.01397 0.0004434044 14170.32733          1 0.0001311929 0.0006087150
      2337      87.00    0.00968 0.0001991770 31545.74132          1 0.0001311301 0.0006030601
      3596      86.00    0.44557 0.0002108009 29806.25931          2 0.0001411832 0.0004998274
      2438      86.00    0.02739 0.0001354655 46382.18924          1 0.0001313186 0.0005983477
      3482      88.00    0.01631 0.0006062017 10364.84245          1 0.0001286168 0.0006062646
       652      83.00    0.89966 0.0001285540 48875.85533          2 0.0001265434 0.0001286796
      2508      82.00    0.14918 0.0006248628 10055.30417          1 0.0001346487 0.0006264964
      1918      82.00    0.04876 0.0003340770 18807.59827          1 0.0001298106 0.0005995415
      2872      82.00    0.02293 0.0004298955 14615.60947          1 0.0001316956 0.0006032486
      2772      83.00    0.02738 0.0002711823 23169.60148          1 0.0001313814 0.0006007982
      3378      84.00    0.02194 0.0001616035 38880.24883          1 0.0001316956 0.0006045053
       875      84.00    0.02921 0.0005098805 12322.85890          1 0.0001316327 0.0006022433
      3610      90.00    0.06062 0.0001288681 48756.70405          1 0.0001286168 0.0005922530
      3501      85.00    0.01558 0.0002753920 22815.42323          1 0.0001313814 0.0006028088
      1677      82.00    0.74983 0.0002363734 26581.60553          3 0.0001639283 0.0003015929
       900      87.00    0.01376 0.0001443248 43535.04571          1 0.0001311929 0.0006021805
      3222      85.00    0.10715 0.0003215106 19542.70080          1 0.0001262292 0.0005835823
      2364      88.00    0.02023 0.0004733752 13273.16167          1 0.0001310044 0.0006036256
      2388      82.00    0.05236 0.0003055513 20563.43821          1 0.0001334549 0.0005962743
      2242      83.00    0.02864 0.0002104239 29859.65960          1 0.0001310044 0.0006019920
      3496      87.00    0.01638 0.0002024442 31036.62322          1 0.0001311929 0.0006017407
      2644      92.00    0.02622 0.0004582955 13709.89855          1 0.0001320097 0.0005984734
      2023      84.00    0.02377 0.0001330150 47236.65564          1 0.0001299991 0.0006124849
      1720      83.00    0.06376 0.0002009991 31259.76868          1 0.0001338947 0.0005977194
      2362      84.00    0.02482 0.0001266690 49603.17460          1 0.0001276743 0.0006000442
      2087      90.00    0.02354 0.0005992902 10484.37828          1 0.0001304389 0.0006020548
      2078      85.00    0.02176 0.0002693602 23326.33543          1 0.0001312557 0.0006001699
