      3291      28.00       0.02    0.00542 1159.04701          3    0.00188    0.02044
      3440      32.00       0.01    0.01693  371.08811          3    0.00188    0.01944
       582      28.00       0.03    0.00629  999.22283          3    0.00191    0.01901
      2302      28.00       0.03    0.00209 3005.00835          3    0.00191    0.02039
      3520      31.00       0.01    0.00449 1399.03622          3    0.00180    0.01862
      1498      28.00       0.11    0.00572 1097.96267          4    0.00195    0.01204
      3423      30.00       0.02    0.01907  329.40488          3    0.00200    0.01959
      2376      28.00       0.09    0.00208 3023.17770          4    0.00208    0.01520
      1041      29.00       0.02    0.01183  531.13013          3    0.00186    0.01914
       912      28.00       0.04    0.01021  615.46878          3    0.00190    0.01920
      2672      28.00       0.06    0.00840  748.06749          3    0.00181    0.01875
      2319      28.00       0.04    0.00329 1909.20662          3    0.00192    0.01920
       134      30.00       0.01    0.00309 2033.43877          3    0.00186    0.01929
      2860      29.00       0.06    0.00279 2248.31376          3    0.00197    0.01932
      2404      29.00       0.04    0.01787  351.64492          3    0.00197    0.01909
      1263      29.00       0.02    0.00965  651.13587          3    0.00179    0.01980
      2344      30.00       0.02    0.00856  733.79535          3    0.00196    0.01911
      2381      33.00       0.04    0.00233 2697.03326          3    0.00190    0.01977
      2658      30.00       0.02    0.01669  376.53753          3    0.00185    0.01951
      2729      28.00       0.03    0.00203 3088.53809          3    0.00189    0.01960
       301      30.00       0.02    0.00650  966.39107          3    0.00186    0.01968
       619      31.00       0.09    0.00874  719.02213          3    0.00193    0.01947
      3579      32.00       0.01    0.00217 2900.41895          3    0.00188    0.01973
      2303      30.00       0.02    0.00210 2996.00533          3    0.00183    0.01938
       889      32.00       0.02    0.00389 1613.48153          3    0.00191    0.01946
       208      30.00       0.04    0.00568 1105.24377          3    0.00202    0.01940
      1912      29.00       0.04    0.01869  336.15956          3    0.00193    0.01930
      3551      32.00       0.01    0.01136  553.16533          3    0.00187    0.01947
      2545      29.00       0.04    0.00181 3474.90347          3    0.00181    0.01895
       229      30.00       0.11    0.00548 1145.76703          4    0.00238    0.00595
