      2979      30.00       0.03    0.01984  316.67840          3    0.00195    0.01999
      3617      33.00       0.02    0.01162  540.60548          3    0.00190    0.01912
      3324      31.00       0.02    0.00306 2054.32550          3    0.00200    0.01938
      2266      30.00       0.02    0.00205 3069.57708          3    0.00187    0.01957
      2240      31.00       0.02    0.00423 1484.16887          3    0.00190    0.01951
      2208      31.00       0.02    0.00812  774.12696          3    0.00190    0.01924
      3028      31.00       0.02    0.02023  310.58044          3    0.00195    0.02024
      2033      30.00       0.03    0.00414 1517.96256          3    0.00188    0.01945
       721      30.00       0.04    0.00964  651.98493          3    0.00195    0.01965
      2110      31.00       0.02    0.01272  493.88136          3    0.00193    0.01928
      2184      30.00       0.03    0.00455 1379.73325          3    0.00190    0.01970
        17      32.00       0.01    0.00212 2969.31706          3    0.00188    0.01999
       380      31.00       0.02    0.00188 3335.80430          3    0.00189    0.01972
      1741      30.00       0.03    0.00452 1389.31769          3    0.00188    0.01973
       526      36.00       0.03    0.00175 3600.00000          3    0.00176    0.01955
       680      30.00       0.03    0.01010  622.36360          3    0.00193    0.01941
      2082      31.00       0.02    0.00270 2326.78387          3    0.00193    0.01941
      1127      30.00       0.04    0.01581  397.49139          3    0.00187    0.02008
      2292      31.00       0.02    0.00241 2605.67458          3    0.00188    0.01947
      2331      30.00       0.05    0.00211 2978.16016          3    0.00193    0.01922
      3208      31.00       0.02    0.00513 1224.32322          3    0.00180    0.01924
      1626      30.00       0.71    0.00680  924.40427          4    0.00680    0.00680
       973      34.00       0.02    0.00469 1339.08645          3    0.00183    0.01917
      2649      31.00       0.02    0.01034  607.61545          3    0.00194    0.01956
      3162      31.00       0.03    0.00604 1039.74122          3    0.00197    0.01934
      2510      31.00       0.09    0.00184 3415.55977          3    0.00185    0.01863
      1662      31.00       0.03    0.00949  662.34913          3    0.00195    0.01975
      2243      32.00       0.03    0.00497 1262.98063          3    0.00180    0.01997
      1975      31.00       0.04    0.01855  338.77889          3    0.00191    0.01987
      3325      34.00       0.01    0.00425 1479.77639          3    0.00193    0.01924
