      1620      73.00       1.00    0.00180 3487.02053          3    0.00181    0.00205
      1906      53.00       0.03    0.00218 2883.69112          3    0.00176    0.01330
      3236      54.00       0.06    0.00207 3041.56810          3    0.00182    0.00707
      1671      47.00       0.02    0.01728  363.66575          3    0.00209    0.01728
      1612      43.00       0.72    0.00191 3281.07911          3    0.00192    0.00891
      3107      41.00       0.01    0.01805  348.09515          3    0.00187    0.01888
      2338      39.00       0.01    0.00719  874.29571          3    0.00186    0.01973
      3401      40.00       0.01    0.00207 3041.56810          3    0.00201    0.01892
      2942      36.00       0.01    0.00299 2101.82158          3    0.00196    0.01950
      2276      40.00       0.01    0.01746  359.87045          3    0.00182    0.01960
      3051      38.00       0.99    0.00888  707.32474          3    0.00889    0.00889
      2187      35.00       0.01    0.00281 2238.24919          3    0.00189    0.01959
      2652      36.00       0.02    0.00235 2668.24785          3    0.00198    0.01860
      1502      35.00       1.00    0.00323 1942.58580          5    0.00324    0.00324
      2962      35.00       0.92    0.00888  707.32474          3    0.00889    0.00889
      2148      40.00       0.02    0.02012  312.32649          3    0.00203    0.02012
      2560      34.00       0.24    0.01776  353.75968          4    0.01775    0.01777
      2176      39.00       0.30    0.00183 3427.26580          3    0.00181    0.00184
      1937      33.00       1.00    0.00628 1000.22227          4    0.00629    0.00629
      2798      36.00       0.01    0.00598 1050.66542          3    0.00191    0.01920
      3564      44.00       0.01    0.00210 2996.00533          3    0.00185    0.01938
      1537      36.00       0.21    0.00178 3536.34578         11    0.00178    0.00178
       566      34.00       0.04    0.00781  804.00214          3    0.00200    0.01620
      2178      34.00       0.01    0.00316 1988.95028          3    0.00187    0.01890
      3231      33.00       0.01    0.00266 2365.30880          3    0.00185    0.01979
      2226      33.00       0.02    0.00334 1880.48475          3    0.00177    0.01856
      3006      34.00       0.01    0.00350 1796.04869          3    0.00195    0.01919
      2311      33.00       0.05    0.00888  707.82540          3    0.00230    0.01628
      2730      34.00       0.01    0.00306 2054.32550          3    0.00189    0.01979
      1767      33.00       0.02    0.00475 1323.14025          3    0.00198    0.01939
