      3514      31.00       0.01    0.00274 2289.49377          3    0.00191    0.01965
      3377      29.00       0.02    0.01216  516.58822          3    0.00188    0.01968
      1773      28.00       0.03    0.00652  963.59743          3    0.00196    0.01914
      3129      30.00       0.02    0.00215 2925.87776          3    0.00195    0.01996
      1146      29.00       0.02    0.02007  313.01082          3    0.00193    0.02007
      2923      30.00       0.02    0.01786  351.76861          3    0.00181    0.01935
      1895      30.00       0.03    0.01873  335.48291          3    0.00201    0.01874
      3436      30.00       0.07    0.01968  319.20553          3    0.00182    0.01969
      2172      29.00       0.03    0.00199 3156.78709          3    0.00196    0.01915
      1617      28.00       0.06    0.00800  785.68311          3    0.00192    0.01943
      1217      29.00       0.05    0.00641  979.64515          4    0.00232    0.01779
      2027      29.00       0.04    0.00559 1123.87612          3    0.00188    0.01990
      2080      28.00       0.07    0.01252  501.81210          3    0.00186    0.01898
       365      29.00       0.04    0.00203 3088.53809          3    0.00194    0.02054
      3593      32.00       0.04    0.01182  531.69493          3    0.00223    0.01808
      2420      29.00       0.03    0.00629  999.22283          3    0.00191    0.01964
      2263      29.00       0.04    0.01088  577.44129          3    0.00188    0.01932
       399      29.00       0.03    0.00359 1751.99533          3    0.00190    0.01955
      1517      29.00       0.03    0.00208 3014.06564          3    0.00183    0.01967
       740      28.00       0.04    0.00525 1196.49030          3    0.00179    0.02018
      3403      30.00       0.02    0.01377  456.25063          3    0.00185    0.01953
      2939      30.00       0.04    0.01746  359.87045          3    0.00198    0.01988
      1036      29.00       0.10    0.00896  700.87999          3    0.00207    0.01850
      1909      29.00       0.05    0.00208 3023.17770          4    0.00208    0.01453
      1269      29.00       0.04    0.01329  472.63943          3    0.00190    0.01956
       642      32.00       0.03    0.01422  441.93469          3    0.00197    0.01958
       913      29.00       0.07    0.00381 1650.77036          3    0.00195    0.01771
      2591      29.00       0.03    0.00841  746.94995          3    0.00197    0.02087
       653      30.00       0.02    0.00399 1575.35445          3    0.00193    0.01968
      1264      29.00       0.04    0.00994  631.80063          3    0.00196    0.02035
