      1622      92.00    0.04167 0.0001564513 40160.64257          1 0.0001326380 0.0005939495
      1150      87.00    0.09951 0.0002633283 23860.65378          1 0.0001339575 0.0005931327
      1668      89.00    0.03857 0.0005779274 10871.92868          1 0.0001325124 0.0006158150
      1696      87.00    0.04161 0.0002792248 22502.25023          1 0.0001315071 0.0006006725
      1860      89.00    0.02656 0.0003231442 19443.90434          1 0.0001320097 0.0006000442
        68      92.00    0.02079 0.0004276964 14690.75951          1 0.0001286796 0.0006001070
      3613      93.00    0.01160 0.0003035407 20699.64811          1 0.0001302504 0.0006048194
       223      89.00    0.04431 0.0001573310 39936.10224          1 0.0001306903 0.0005957088
      2692      91.00    0.01403 0.0004182716 15021.78158          1 0.0001312557 0.0006019292
       499      96.00    0.06378 0.0003365274 18670.64974          1 0.0001328265 0.0005911221
      2731      92.00    0.01871 0.0006159407 10200.95889          1 0.0001308787 0.0006159407
      3494      90.00    0.05739 0.0002158274 29112.08151          1 0.0001333920 0.0005913106
      3275      93.00    0.01456 0.0001609124 39047.24717          1 0.0001313186 0.0006021805
        63      92.00    0.01566 0.0002478717 25348.54246          1 0.0001312557 0.0006011123
      2353      89.00    0.01486 0.0001750495 35893.75449          1 0.0001308159 0.0006051964
      2211      88.00    0.04836 0.0001480318 42444.82173          1 0.0001315071 0.0005965256
       747      88.00    0.03601 0.0005053566 12433.17170          1 0.0001320097 0.0006016778
       662      93.00    0.01713 0.0003653672 17196.90456          1 0.0001304389 0.0006056991
      2540      88.00    0.03911 0.0001362195 46125.46125          1 0.0001316327 0.0005967141
      3089      88.00    0.51402 0.0001451416 43290.04329          2 0.0001355283 0.0004418336
      3567      91.00    0.02784 0.0002770885 22675.73696          1 0.0001315071 0.0006031858
      3176      92.00    0.02066 0.0001762433 35650.62389          1 0.0001286796 0.0006016150
      1458      88.00    0.03474 0.0001869248 33613.44538          1 0.0001308787 0.0005997929
      2679      89.00    0.02066 0.0002221734 28280.54299          1 0.0001307531 0.0006016150
      3233      90.00    0.02625 0.0001690805 37160.90673          1 0.0001310044 0.0006031858
      2581      88.00    0.07908 0.0003938929 15951.50742          1 0.0001344602 0.0006051964
      2368      94.00    0.01312 0.0001328894 47281.32388          1 0.0001303761 0.0006080238
      2632      89.00    0.04288 0.0002574849 24402.14739          1 0.0001312557 0.0005953946
      2386      89.00    0.01460 0.0002429079 25866.52871          1 0.0001311929 0.0006045053
       749      90.00    0.02480 0.0001277372 49188.39154          1 0.0001286796 0.0006104115
