 1620
 1906
 3236
 1671
 1612
 3107
 2338
 3401
 2942
 2276
 3051
 2187
 2652
 1502
 2962
 2148
 2560
 2176
 1937
 2798
 3564
 1537
  566
 2178
 3231
 2226
 3006
 2311
 2730
 1767
 1248
 1343
 2525
  731
  116
 1624
 2380
 2532
 1500
 2348
 3450
 3594
  367
  914
  214
 1545
 2982
 2117
 2157
  185
 1926
 1853
 2419
 3414
 2512
    8
 1266
 3552
 2841
 1206
 3021
  308
 2597
 2819
 3606
 1219
 1221
 2888
  210
 3612
 1827
 3120
  541
 2351
  209
 1109
 2284
  276
 3412
 2163
 2177
 2199
 3283
 3489
  694
 1133
 2727
 1287
 3590
  956
 3441
 2430
  110
 1892
  364
  757
 2791
 2422
  258
 2601
 2956
 2209
 2238
 3110
 3014
 2233
 3009
  225
   26
 3255
  196
 2072
 2366
    9
 2262
 3085
  924
 3069
 2826
  137
 2361
 2639
 3190
  963
 3075
 2603
 3432
  878
 3178
 3357
 3395
 3295
  784
 2162
 3618
 2332
  724
 3455
 3217
 1815
   33
 2469
 3155
   98
 2337
 3596
 2438
 3482
  652
 2508
 1918
 2872
 2772
 3378
  875
 3610
 3501
 1677
  900
 3222
 2364
 2388
 2242
 3496
 2644
 2023
 1720
 2362
 2087
 2078
 1622
 1150
 1668
 1696
 1860
   68
 3613
  223
 2692
  499
 2731
 3494
 3275
   63
 2353
 2211
  747
  662
 2540
 3089
 3567
 3176
 1458
 2679
 3233
 2581
 2368
 2632
 2386
  749
 2188
 3031
 1711
 3038
 2119
 3364
  335
 2439
  485
 2920
 3064
  841
 2964
 1262
 2040
 2308
  715
  755
  771
 3140
 3608
 3380
 3365
 2175
 2155
 3362
 2010
 2975
  126
 1634
  216
  279
 2681
  503
 2180
 2579
  819
  200
 1084
 2987
 3291
 3440
  582
 2302
 3520
 1498
 3423
 2376
 1041
  912
 2672
 2319
  134
 2860
 2404
 1263
 2344
 2381
 2658
 2729
  301
  619
 3579
 2303
  889
  208
 1912
 3551
 2545
  229
 2979
 3617
 3324
 2266
 2240
 2208
 3028
 2033
  721
 2110
 2184
   17
  380
 1741
  526
  680
 2082
 1127
 2292
 2331
 3208
 1626
  973
 2649
 3162
 2510
 1662
 2243
 1975
 3325
 1898
 3160
 2189
  378
 2065
 3282
  711
 2583
 3249
 3485
 1010
 3553
 3358
 1841
 3067
 2202
 2379
 1297
 3015
 2372
 2007
 3562
 1321
 1531
 2097
 3166
 3523
 1210
 1031
 1464
 3388
 3248
  397
 2990
 1179
   35
 2676
  673
 2198
  601
  930
  456
 1381
 3525
  253
  423
 2544
  375
  300
 2764
 2369
 2073
 2633
 2261
 1176
 1655
 3397
 3563
  113
  287
  665
 1026
 1835
 2450
 1334
 2654
 2224
 3027
  660
 2848
   16
  246
 2384
 2193
 2977
  242
 1988
 1058
 3428
  797
 1307
  705
  589
 2318
 2006
 3055
 2755
  257
 3437
 3475
 2741
 1785
  623
 1857
 3453
 3497
  550
 2401
  567
  969
 1346
   94
 1278
 2785
 1608
 3204
  898
  688
 1147
 3026
 2391
 1982
 3203
 1021
 2538
 2354
 2621
 1607
 1714
 1705
 3514
 3377
 1773
 3129
 1146
 2923
 1895
 3436
 2172
 1617
 1217
 2027
 2080
  365
 3593
 2420
 2263
  399
 1517
  740
 3403
 2939
 1036
 1909
 1269
  642
  913
 2591
  653
 1264
 3312
 1644
 1806
 2076
 2911
   44
  862
 2954
 2616
 3269
 2424
 3603
 3168
  792
 2801
 1904
 2889
 1686
  483
 1194
  307
  951
 3598
 2342
  994
 2174
 1158
 3513
 2286
 2689
  561
 3309
 1329
 3135
 1342
 2392
  733
 1614
  534
 2916
  779
  970
  883
 2147
 2341
  408
 1358
 2407
 1441
 2618
 3500
 1027
 1218
 3371
 198
 1882
 2598
 923
 261
 3218
