1010
1021
1026
1031
1036
1041
1058
1084
1109
1127
1133
1146
1147
1150
1158
1176
1179
1194
1206
1210
1217
1219
1221
1248
1262
1263
1264
1266
1269
1278
1287
1297
1307
1321
1329
1334
1342
1343
1346
1358
1381
1441
1458
1464
1498
1500
1502
1517
1531
1537
1545
1607
1608
1612
1614
1617
1620
1622
1624
1626
1634
1644
1655
1662
1668
1671
1677
1686
1696
1705
1711
1714
1720
1741
1767
1773
1785
1806
1815
1827
1835
1841
185.
1853
1857
1860
1892
1895
1898
1904
1906
1909
1912
1918
1926
1937
196.
1975
1982
1988
2006
2007
2010
2023
2027
2033
2040
2065
2072
2073
2076
2078
208.
2080
2082
2087
209.
2097
2110
2117
2119
2147
2148
2155
2157
216.
2162
2163
2172
2174
2175
2176
2177
2178
2180
2184
2187
2188
2189
2193
2198
2199
2202
2208
2209
2211
2224
2226
223.
2233
2238
2240
2242
2243
225.
2261
2262
2263
2266
2276
2284
2286
229.
2292
2302
2303
2308
2311
2318
2319
2331
2332
2337
2338
2341
2342
2344
2348
2351
2353
2354
2361
2362
2364
2366
2368
2369
2372
2376
2379
2380
2381
2384
2386
2388
2391
2392
2401
2404
2407
2419
2420
2422
2424
2430
2438
2439
2450
246.
2469
2508
2510
2512
2525
253.
2532
2538
2540
2544
2545
2560
257.
2579
258.
2581
2583
2591
2597
2601
2603
2616
2618
2621
2632
2633
2639
2644
2649
2652
2654
2658
2672
2676
2679
2681
2689
2692
2727
2729
2730
2731
2741
2755
276.
2764
2772
2785
279.
2791
2798
2801
2819
2826
2841
2848
2860
287.
2872
2888
2889
2911
2916
2920
2923
2939
2942
2954
2956
2962
2964
2975
2977
2979
2982
2987
2990
300.
3006
3009
301.
3014
3015
3021
3026
3027
3028
3031
3038
3051
3055
3064
3067
3069
307
3075
308
3085
3089
3107
3110
3120
3129
3135
3140
3155
3160
3162
3166
3168
3176
3178
3190
3203
3204
3208
3217
3222
3231
3233
3236
3248
3249
3255
3269
3275
3282
3283
3291
3295
3309
3312
3324
3325
335
3357
3358
3362
3364
3365
3377
3378
3380
3388
3395
3397
3401
3403
3412
3414
3423
3428
3432
3436
3437
3440
3441
3450
3455
3475
3482
3485
3489
3494
3496
3497
3501
3513
3514
3520
3525
364
365
367
375
378
380
397
399
408
423
456
483
485
499
503
526
534
541
550
561
566
567
582
589
601
619
623
642
652
653
660
662
665
673
680
688
694
705
711
715
721
724
731
733
740
747
749
755
757
771
779
784
792
797
819
841
862
875
878
883
889
898
900
912
913
914
924
930
951
956
963
969
970
973
994
